0 0
1 3.68617
2 13.6862
3 13.6862
4 -11.3012
5 -140.511
6 -122.506
7 -81.9559
8 -188717
9 -2.78195e+06
10 -1.71568e+06
11 -288112
12 -308944
13 -1.03541e+06
14 -4.03794e+06
15 -5.58596e+06
16 -3.1655e+06
17 -1.26194e+06
18 -438053
19 -153992
20 -57471.7
21 -23179.3
22 -10145.4
23 -4805.94
24 -2451.52
25 -1338.47
26 -777.288
27 -477.246
28 -308.058
29 -207.965
30 -146.13
31 -106.413
32 -79.9912
33 -61.849
34 -49.0315
35 -39.7396
36 -32.8447
37 -27.6194
38 -23.583
39 -20.4105
40 -17.8773
41 -15.8254
42 -14.1415
43 -12.743
44 -11.5689
45 -10.5732
46 -9.72105
47 -8.9857
48 -8.3462
49 -7.78609
50 -7.29231
51 -6.85436
52 -6.46377
53 -6.11359
54 -5.79815
55 -5.51273
56 -5.2534
57 -5.01687
58 -4.80034
59 -4.60147
60 -4.41823
61 -4.2489
62 -4.09199
63 -3.94621
64 -3.81044
65 -3.68369
66 -3.56512
67 -3.45396
68 -3.34956
69 -3.25131
70 -3.1587
71 -3.07126
72 -2.98857
73 -2.91025
74 -2.83598
75 -2.76544
76 -2.69836
77 -2.6345
78 -2.57362
79 -2.51553
80 -2.46003
81 -2.40697
82 -2.35617
83 -2.3075
84 -2.26083
85 -2.21603
86 -2.173
87 -2.13163
88 -2.09183
89 -2.05351
90 -2.01658
91 -1.98098
92 -1.94664
93 -1.91347
94 -1.88144
95 -1.85047
96 -1.82053
97 -1.79154
98 -1.76348
99 -1.7363
100 -1.70995
101 -1.6844
102 -1.65962
103 -1.63556
104 -1.6122
105 -1.5895
106 -1.56745
107 -1.546
108 -1.52514
109 -1.50485
110 -1.48509
111 -1.46585
112 -1.44711
113 -1.42885
114 -1.41105
115 -1.39369
116 -1.37676
117 -1.36024
118 -1.34412
119 -1.32838
120 -1.31301
121 -1.29799
122 -1.28332
123 -1.26898
124 -1.25495
125 -1.24124
126 -1.22783
127 -1.21471
128 -1.20187
129 -1.18929
130 -1.17699
131 -1.16493
132 -1.15313
133 -1.14156
134 -1.13022
135 -1.11911
136 -1.10822
137 -1.09754
138 -1.08707
139 -1.07679
140 -1.06671
141 -1.05682
142 -1.04711
143 -1.03758
144 -1.02823
145 -1.01904
146 -1.01002
147 -1.00115
148 -0.992443
149 -0.983886
150 -0.975476
151 -0.96721
152 -0.959084
153 -0.951095
154 -0.943238
155 -0.935512
156 -0.927911
157 -0.920435
158 -0.913078
159 -0.905839
160 -0.898715
161 -0.891703
162 -0.8848
163 -0.878004
164 -0.871312
165 -0.864722
166 -0.858232
167 -0.851839
168 -0.845541
169 -0.839336
170 -0.833223
171 -0.827198
172 -0.82126
173 -0.815408
174 -0.809639
175 -0.803951
176 -0.798343
177 -0.792813
178 -0.78736
179 -0.781982
180 -0.776677
181 -0.771445
182 -0.766282
183 -0.761189
184 -0.756163
185 -0.751204
186 -0.746309
187 -0.741478
188 -0.73671
189 -0.732003
190 -0.727356
191 -0.722768
192 -0.718238
193 -0.713765
194 -0.709347
195 -0.704984
196 -0.700674
197 -0.696417
198 -0.692212
199 -0.688057
200 -0.683953
201 -0.679897
202 -0.675889
203 -0.671929
204 -0.668014
205 -0.664146
206 -0.660322
207 -0.656542
208 -0.652805
209 -0.649111
210 -0.645459
211 -0.641847
212 -0.638276
213 -0.634745
214 -0.631252
215 -0.627799
216 -0.624382
217 -0.621003
218 -0.617661
219 -0.614354
220 -0.611083
221 -0.607846
222 -0.604644
223 -0.601476
224 -0.59834
225 -0.595238
226 -0.592167
227 -0.589128
228 -0.58612
229 -0.583143
230 -0.580196
231 -0.577279
232 -0.574391
233 -0.571532
234 -0.568702
235 -0.565899
236 -0.563124
237 -0.560376
238 -0.557655
239 -0.55496
240 -0.552292
241 -0.549649
242 -0.547031
243 -0.544438
244 -0.54187
245 -0.539325
246 -0.536805
247 -0.534308
248 -0.531835
249 -0.529384
250 -0.526956
251 -0.52455
252 -0.522166
253 -0.519804
254 -0.517463
255 -0.515143
256 -0.512844
257 -0.510565
258 -0.508307
259 -0.506068
260 -0.503849
261 -0.50165
262 -0.49947
263 -0.497309
264 -0.495166
265 -0.493042
266 -0.490936
267 -0.488848
268 -0.486777
269 -0.484725
270 -0.482689
271 -0.480671
272 -0.478669
273 -0.476684
274 -0.474716
275 -0.472764
276 -0.470827
277 -0.468907
278 -0.467002
279 -0.465113
280 -0.463239
281 -0.46138
282 -0.459536
283 -0.457707
284 -0.455892
285 -0.454092
286 -0.452305
287 -0.450533
288 -0.448775
289 -0.44703
290 -0.445299
291 -0.443582
292 -0.441877
293 -0.440186
294 -0.438507
295 -0.436842
296 -0.435189
297 -0.433548
298 -0.43192
299 -0.430304
300 -0.4287
301 -0.427108
302 -0.425528
303 -0.423959
304 -0.422403
305 -0.420857
306 -0.419323
307 -0.4178
308 -0.416288
309 -0.414787
310 -0.413296
311 -0.411817
312 -0.410348
313 -0.408889
314 -0.407441
315 -0.406003
316 -0.404575
317 -0.403158
318 -0.40175
319 -0.400352
320 -0.398963
321 -0.397585
322 -0.396215
323 -0.394856
324 -0.393505
325 -0.392164
326 -0.390832
327 -0.389509
328 -0.388195
329 -0.386889
330 -0.385593
331 -0.384305
332 -0.383026
333 -0.381755
334 -0.380493
335 -0.379239
336 -0.377993
337 -0.376755
338 -0.375526
339 -0.374305
340 -0.373091
341 -0.371885
342 -0.370687
343 -0.369497
344 -0.368315
345 -0.36714
346 -0.365972
347 -0.364812
348 -0.363659
349 -0.362514
350 -0.361376
351 -0.360245
352 -0.35912
353 -0.358003
354 -0.356893
355 -0.35579
356 -0.354694
357 -0.353604
358 -0.352521
359 -0.351445
360 -0.350375
361 -0.349311
362 -0.348255
363 -0.347204
364 -0.34616
365 -0.345122
366 -0.34409
367 -0.343065
368 -0.342045
369 -0.341032
370 -0.340025
371 -0.339023
372 -0.338028
373 -0.337038
374 -0.336054
375 -0.335076
376 -0.334104
377 -0.333137
378 -0.332175
379 -0.33122
380 -0.33027
381 -0.329325
382 -0.328385
383 -0.327451
384 -0.326523
385 -0.325599
386 -0.324681
387 -0.323768
388 -0.32286
389 -0.321957
390 -0.321059
391 -0.320166
392 -0.319278
393 -0.318395
394 -0.317517
395 -0.316644
396 -0.315776
397 -0.314912
398 -0.314053
399 -0.313199
400 -0.312349
401 -0.311504
402 -0.310664
403 -0.309828
404 -0.308996
405 -0.308169
406 -0.307347
407 -0.306528
408 -0.305715
409 -0.304905
410 -0.3041
411 -0.303299
412 -0.302502
413 -0.301709
414 -0.300921
415 -0.300137
416 -0.299356
417 -0.29858
418 -0.297808
419 -0.29704
420 -0.296276
421 -0.295515
422 -0.294759
423 -0.294006
424 -0.293258
425 -0.292513
426 -0.291771
427 -0.291034
428 -0.2903
429 -0.28957
430 -0.288844
431 -0.288122
432 -0.287402
433 -0.286687
434 -0.285975
435 -0.285267
436 -0.284562
437 -0.28386
438 -0.283162
439 -0.282468
440 -0.281777
441 -0.281089
442 -0.280405
443 -0.279724
444 -0.279046
445 -0.278371
446 -0.2777
447 -0.277032
448 -0.276367
449 -0.275706
450 -0.275047
451 -0.274392
452 -0.27374
453 -0.273091
454 -0.272445
455 -0.271802
456 -0.271162
457 -0.270525
458 -0.269891
459 -0.26926
460 -0.268632
461 -0.268007
462 -0.267385
463 -0.266766
464 -0.266149
465 -0.265536
466 -0.264925
467 -0.264317
468 -0.263712
469 -0.263109
470 -0.26251
471 -0.261913
472 -0.261319
473 -0.260727
474 -0.260138
475 -0.259552
476 -0.258969
477 -0.258388
478 -0.257809
479 -0.257234
480 -0.25666
481 -0.25609
482 -0.255522
483 -0.254956
484 -0.254393
485 -0.253833
486 -0.253274
487 -0.252719
488 -0.252166
489 -0.251615
490 -0.251066
491 -0.25052
492 -0.249977
493 -0.249435
494 -0.248896
495 -0.24836
496 -0.247825
497 -0.247293
498 -0.246764
499 -0.246236
500 -0.245711
501 -0.245188
502 -0.244667
503 -0.244149
504 -0.243632
505 -0.243118
506 -0.242606
507 -0.242096
508 -0.241589
509 -0.241083
510 -0.24058
511 -0.240078
512 -0.239579
513 -0.239082
514 -0.238587
515 -0.238093
516 -0.237602
517 -0.237113
518 -0.236626
519 -0.236141
520 -0.235658
521 -0.235177
522 -0.234698
523 -0.234221
524 -0.233746
525 -0.233272
526 -0.232801
527 -0.232331
528 -0.231864
529 -0.231398
530 -0.230934
531 -0.230472
532 -0.230012
533 -0.229554
534 -0.229097
535 -0.228643
536 -0.22819
537 -0.227739
538 -0.22729
539 -0.226842
540 -0.226396
541 -0.225952
542 -0.22551
543 -0.225069
544 -0.224631
545 -0.224193
546 -0.223758
547 -0.223324
548 -0.222892
549 -0.222462
550 -0.222033
551 -0.221606
552 -0.221181
553 -0.220757
554 -0.220335
555 -0.219914
556 -0.219495
557 -0.219078
558 -0.218662
559 -0.218248
560 -0.217835
561 -0.217424
562 -0.217015
563 -0.216607
564 -0.2162
565 -0.215795
566 -0.215392
567 -0.21499
568 -0.214589
569 -0.214191
570 -0.213793
571 -0.213397
572 -0.213003
573 -0.21261
574 -0.212218
575 -0.211828
576 -0.211439
577 -0.211052
578 -0.210666
579 -0.210281
580 -0.209898
581 -0.209517
582 -0.209136
583 -0.208758
584 -0.20838
585 -0.208004
586 -0.207629
587 -0.207256
588 -0.206883
589 -0.206513
590 -0.206143
591 -0.205775
592 -0.205408
593 -0.205043
594 -0.204678
595 -0.204315
596 -0.203954
597 -0.203593
598 -0.203234
599 -0.202877
600 -0.20252
601 -0.202165
602 -0.201811
603 -0.201458
604 -0.201106
605 -0.200756
606 -0.200407
607 -0.200059
608 -0.199712
609 -0.199366
610 -0.199022
611 -0.198679
612 -0.198337
613 -0.197996
614 -0.197656
615 -0.197318
616 -0.196981
617 -0.196644
618 -0.196309
619 -0.195976
620 -0.195643
621 -0.195311
622 -0.194981
623 -0.194651
624 -0.194323
625 -0.193996
626 -0.19367
627 -0.193345
628 -0.193021
629 -0.192698
630 -0.192377
631 -0.192056
632 -0.191736
633 -0.191418
634 -0.191101
635 -0.190784
636 -0.190469
637 -0.190154
638 -0.189841
639 -0.189529
640 -0.189218
641 -0.188908
642 -0.188598
643 -0.18829
644 -0.187983
645 -0.187677
646 -0.187372
647 -0.187068
648 -0.186764
649 -0.186462
650 -0.186161
651 -0.185861
652 -0.185561
653 -0.185263
654 -0.184966
655 -0.184669
656 -0.184374
657 -0.184079
658 -0.183786
659 -0.183493
660 -0.183201
661 -0.182911
662 -0.182621
663 -0.182332
664 -0.182044
665 -0.181757
666 -0.18147
667 -0.181185
668 -0.180901
669 -0.180617
670 -0.180335
671 -0.180053
672 -0.179772
673 -0.179492
674 -0.179213
675 -0.178934
676 -0.178657
677 -0.178381
678 -0.178105
679 -0.17783
680 -0.177556
681 -0.177283
682 -0.177011
683 -0.176739
684 -0.176468
685 -0.176199
686 -0.17593
687 -0.175661
688 -0.175394
689 -0.175128
690 -0.174862
691 -0.174597
692 -0.174333
693 -0.17407
694 -0.173807
695 -0.173545
696 -0.173284
697 -0.173024
698 -0.172765
699 -0.172506
700 -0.172248
701 -0.171991
702 -0.171735
703 -0.171479
704 -0.171225
705 -0.170971
706 -0.170717
707 -0.170465
708 -0.170213
709 -0.169962
710 -0.169712
711 -0.169462
712 -0.169213
713 -0.168965
714 -0.168718
715 -0.168471
716 -0.168225
717 -0.16798
718 -0.167736
719 -0.167492
720 -0.167249
721 -0.167006
722 -0.166765
723 -0.166524
724 -0.166284
725 -0.166044
726 -0.165805
727 -0.165567
728 -0.165329
729 -0.165093
730 -0.164856
731 -0.164621
732 -0.164386
733 -0.164152
734 -0.163919
735 -0.163686
736 -0.163454
737 -0.163222
738 -0.162991
739 -0.162761
740 -0.162531
741 -0.162303
742 -0.162074
743 -0.161847
744 -0.16162
745 -0.161393
746 -0.161168
747 -0.160943
748 -0.160718
749 -0.160494
750 -0.160271
751 -0.160049
752 -0.159827
753 -0.159605
754 -0.159385
755 -0.159165
756 -0.158945
757 -0.158726
758 -0.158508
759 -0.15829
760 -0.158073
761 -0.157857
762 -0.157641
763 -0.157425
764 -0.157211
765 -0.156996
766 -0.156783
767 -0.15657
768 -0.156357
769 -0.156146
770 -0.155934
771 -0.155724
772 -0.155514
773 -0.155304
774 -0.155095
775 -0.154887
776 -0.154679
777 -0.154471
778 -0.154265
779 -0.154058
780 -0.153853
781 -0.153648
782 -0.153443
783 -0.153239
784 -0.153036
785 -0.152833
786 -0.15263
787 -0.152428
788 -0.152227
789 -0.152026
790 -0.151826
791 -0.151626
792 -0.151427
793 -0.151228
794 -0.15103
795 -0.150833
796 -0.150635
797 -0.150439
798 -0.150243
799 -0.150047
800 -0.149852
801 -0.149657
802 -0.149463
803 -0.14927
804 -0.149077
805 -0.148884
806 -0.148692
807 -0.148501
808 -0.148309
809 -0.148119
810 -0.147929
811 -0.147739
812 -0.14755
813 -0.147361
814 -0.147173
815 -0.146985
816 -0.146798
817 -0.146612
818 -0.146425
819 -0.146239
820 -0.146054
821 -0.145869
822 -0.145685
823 -0.145501
824 -0.145318
825 -0.145135
826 -0.144952
827 -0.14477
828 -0.144588
829 -0.144407
830 -0.144227
831 -0.144046
832 -0.143866
833 -0.143687
834 -0.143508
835 -0.14333
836 -0.143152
837 -0.142974
838 -0.142797
839 -0.14262
840 -0.142444
841 -0.142268
842 -0.142093
843 -0.141918
844 -0.141743
845 -0.141569
846 -0.141396
847 -0.141222
848 -0.14105
849 -0.140877
850 -0.140705
851 -0.140534
852 -0.140362
853 -0.140192
854 -0.140021
855 -0.139852
856 -0.139682
857 -0.139513
858 -0.139344
859 -0.139176
860 -0.139008
861 -0.138841
862 -0.138674
863 -0.138507
864 -0.138341
865 -0.138175
866 -0.13801
867 -0.137845
868 -0.13768
869 -0.137516
870 -0.137352
871 -0.137188
872 -0.137025
873 -0.136862
874 -0.1367
875 -0.136538
876 -0.136377
877 -0.136215
878 -0.136055
879 -0.135894
880 -0.135734
881 -0.135575
882 -0.135415
883 -0.135256
884 -0.135098
885 -0.13494
886 -0.134782
887 -0.134625
888 -0.134467
889 -0.134311
890 -0.134154
891 -0.133998
892 -0.133843
893 -0.133688
894 -0.133533
895 -0.133378
896 -0.133224
897 -0.13307
898 -0.132917
899 -0.132764
900 -0.132611
901 -0.132459
902 -0.132307
903 -0.132155
904 -0.132004
905 -0.131853
906 -0.131702
907 -0.131552
908 -0.131402
909 -0.131252
910 -0.131103
911 -0.130954
912 -0.130805
913 -0.130657
914 -0.130509
915 -0.130361
916 -0.130214
917 -0.130067
918 -0.12992
919 -0.129774
920 -0.129628
921 -0.129483
922 -0.129337
923 -0.129192
924 -0.129048
925 -0.128903
926 -0.128759
927 -0.128616
928 -0.128472
929 -0.128329
930 -0.128187
931 -0.128044
932 -0.127902
933 -0.12776
934 -0.127619
935 -0.127478
936 -0.127337
937 -0.127196
938 -0.127056
939 -0.126916
940 -0.126777
941 -0.126638
942 -0.126499
943 -0.12636
944 -0.126221
945 -0.126083
946 -0.125946
947 -0.125808
948 -0.125671
949 -0.125534
950 -0.125398
951 -0.125261
952 -0.125125
953 -0.12499
954 -0.124854
955 -0.124719
956 -0.124584
957 -0.12445
958 -0.124316
959 -0.124182
960 -0.124048
961 -0.123915
962 -0.123782
963 -0.123649
964 -0.123516
965 -0.123384
966 -0.123252
967 -0.123121
968 -0.122989
969 -0.122858
970 -0.122727
971 -0.122597
972 -0.122467
973 -0.122337
974 -0.122207
975 -0.122077
976 -0.121948
977 -0.121819
978 -0.121691
979 -0.121562
980 -0.121434
981 -0.121307
982 -0.121179
983 -0.121052
984 -0.120925
985 -0.120798
986 -0.120672
987 -0.120545
988 -0.12042
989 -0.120294
990 -0.120168
991 -0.120043
992 -0.119918
993 -0.119794
994 -0.119669
995 -0.119545
996 -0.119421
997 -0.119298
998 -0.119175
999 -0.119051
