0 0
1 0
2 10
3 10
4 -14.9874
5 -144.198
6 -126.192
7 -85.6421
8 -188721
9 -2.78195e+06
10 -1.71568e+06
11 -288116
12 -308948
13 -1.03541e+06
14 -4.03795e+06
15 -5.58597e+06
16 -3.1655e+06
17 -1.26194e+06
18 -438057
19 -153996
20 -57475.4
21 -23183
22 -10149.1
23 -4809.62
24 -2455.21
25 -1342.15
26 -780.974
27 -480.932
28 -311.745
29 -211.651
30 -149.817
31 -110.099
32 -83.6773
33 -65.5352
34 -52.7177
35 -43.4257
36 -36.5308
37 -31.3056
38 -27.2692
39 -24.0967
40 -21.5635
41 -19.5116
42 -17.8277
43 -16.4292
44 -15.255
45 -14.2593
46 -13.4072
47 -12.6719
48 -12.0324
49 -11.4723
50 -10.9785
51 -10.5405
52 -10.1499
53 -9.79976
54 -9.48432
55 -9.1989
56 -8.93957
57 -8.70304
58 -8.48651
59 -8.28764
60 -8.1044
61 -7.93507
62 -7.77816
63 -7.63238
64 -7.49661
65 -7.36986
66 -7.25129
67 -7.14013
68 -7.03573
69 -6.93748
70 -6.84487
71 -6.75743
72 -6.67474
73 -6.59642
74 -6.52215
75 -6.45161
76 -6.38453
77 -6.32067
78 -6.25979
79 -6.2017
80 -6.1462
81 -6.09314
82 -6.04234
83 -5.99367
84 -5.947
85 -5.9022
86 -5.85917
87 -5.8178
88 -5.778
89 -5.73968
90 -5.70276
91 -5.66715
92 -5.63281
93 -5.59964
94 -5.56761
95 -5.53664
96 -5.5067
97 -5.47771
98 -5.44965
99 -5.42247
100 -5.39612
101 -5.37057
102 -5.34579
103 -5.32173
104 -5.29837
105 -5.27568
106 -5.25362
107 -5.23217
108 -5.21132
109 -5.19102
110 -5.17126
111 -5.15202
112 -5.13328
113 -5.11502
114 -5.09722
115 -5.07986
116 -5.06293
117 -5.04642
118 -5.03029
119 -5.01455
120 -4.99918
121 -4.98416
122 -4.96949
123 -4.95515
124 -4.94112
125 -4.92741
126 -4.914
127 -4.90088
128 -4.88804
129 -4.87546
130 -4.86316
131 -4.8511
132 -4.8393
133 -4.82773
134 -4.81639
135 -4.80528
136 -4.79439
137 -4.78371
138 -4.77324
139 -4.76296
140 -4.75288
141 -4.74299
142 -4.73328
143 -4.72375
144 -4.7144
145 -4.70521
146 -4.69619
147 -4.68732
148 -4.67861
149 -4.67006
150 -4.66165
151 -4.65338
152 -4.64525
153 -4.63727
154 -4.62941
155 -4.62168
156 -4.61408
157 -4.6066
158 -4.59925
159 -4.59201
160 -4.58489
161 -4.57787
162 -4.57097
163 -4.56417
164 -4.55748
165 -4.55089
166 -4.5444
167 -4.53801
168 -4.53171
169 -4.52551
170 -4.51939
171 -4.51337
172 -4.50743
173 -4.50158
174 -4.49581
175 -4.49012
176 -4.48451
177 -4.47898
178 -4.47353
179 -4.46815
180 -4.46285
181 -4.45761
182 -4.45245
183 -4.44736
184 -4.44233
185 -4.43737
186 -4.43248
187 -4.42765
188 -4.42288
189 -4.41817
190 -4.41353
191 -4.40894
192 -4.40441
193 -4.39993
194 -4.39552
195 -4.39115
196 -4.38684
197 -4.38259
198 -4.37838
199 -4.37423
200 -4.37012
201 -4.36607
202 -4.36206
203 -4.3581
204 -4.35418
205 -4.35032
206 -4.34649
207 -4.34271
208 -4.33898
209 -4.33528
210 -4.33163
211 -4.32802
212 -4.32445
213 -4.32092
214 -4.31742
215 -4.31397
216 -4.31055
217 -4.30717
218 -4.30383
219 -4.30052
220 -4.29725
221 -4.29402
222 -4.29081
223 -4.28765
224 -4.28451
225 -4.28141
226 -4.27834
227 -4.2753
228 -4.27229
229 -4.26931
230 -4.26637
231 -4.26345
232 -4.26056
233 -4.2577
234 -4.25487
235 -4.25207
236 -4.24929
237 -4.24655
238 -4.24383
239 -4.24113
240 -4.23846
241 -4.23582
242 -4.2332
243 -4.23061
244 -4.22804
245 -4.2255
246 -4.22298
247 -4.22048
248 -4.21801
249 -4.21555
250 -4.21313
251 -4.21072
252 -4.20834
253 -4.20597
254 -4.20363
255 -4.20131
256 -4.19901
257 -4.19674
258 -4.19448
259 -4.19224
260 -4.19002
261 -4.18782
262 -4.18564
263 -4.18348
264 -4.18134
265 -4.17921
266 -4.17711
267 -4.17502
268 -4.17295
269 -4.17089
270 -4.16886
271 -4.16684
272 -4.16484
273 -4.16285
274 -4.16089
275 -4.15893
276 -4.157
277 -4.15508
278 -4.15317
279 -4.15128
280 -4.14941
281 -4.14755
282 -4.14571
283 -4.14388
284 -4.14206
285 -4.14026
286 -4.13848
287 -4.1367
288 -4.13495
289 -4.1332
290 -4.13147
291 -4.12975
292 -4.12805
293 -4.12636
294 -4.12468
295 -4.12301
296 -4.12136
297 -4.11972
298 -4.11809
299 -4.11647
300 -4.11487
301 -4.11328
302 -4.1117
303 -4.11013
304 -4.10857
305 -4.10703
306 -4.10549
307 -4.10397
308 -4.10246
309 -4.10096
310 -4.09947
311 -4.09799
312 -4.09652
313 -4.09506
314 -4.09361
315 -4.09217
316 -4.09075
317 -4.08933
318 -4.08792
319 -4.08652
320 -4.08513
321 -4.08375
322 -4.08239
323 -4.08103
324 -4.07968
325 -4.07833
326 -4.077
327 -4.07568
328 -4.07436
329 -4.07306
330 -4.07176
331 -4.07048
332 -4.0692
333 -4.06793
334 -4.06666
335 -4.06541
336 -4.06416
337 -4.06293
338 -4.0617
339 -4.06047
340 -4.05926
341 -4.05806
342 -4.05686
343 -4.05567
344 -4.05448
345 -4.05331
346 -4.05214
347 -4.05098
348 -4.04983
349 -4.04868
350 -4.04755
351 -4.04641
352 -4.04529
353 -4.04417
354 -4.04306
355 -4.04196
356 -4.04086
357 -4.03977
358 -4.03869
359 -4.03761
360 -4.03654
361 -4.03548
362 -4.03442
363 -4.03337
364 -4.03233
365 -4.03129
366 -4.03026
367 -4.02924
368 -4.02822
369 -4.0272
370 -4.02619
371 -4.02519
372 -4.0242
373 -4.02321
374 -4.02222
375 -4.02125
376 -4.02027
377 -4.01931
378 -4.01835
379 -4.01739
380 -4.01644
381 -4.01549
382 -4.01456
383 -4.01362
384 -4.01269
385 -4.01177
386 -4.01085
387 -4.00994
388 -4.00903
389 -4.00813
390 -4.00723
391 -4.00634
392 -4.00545
393 -4.00457
394 -4.00369
395 -4.00281
396 -4.00195
397 -4.00108
398 -4.00022
399 -3.99937
400 -3.99852
401 -3.99767
402 -3.99683
403 -3.996
404 -3.99517
405 -3.99434
406 -3.99352
407 -3.9927
408 -3.99188
409 -3.99108
410 -3.99027
411 -3.98947
412 -3.98867
413 -3.98788
414 -3.98709
415 -3.98631
416 -3.98553
417 -3.98475
418 -3.98398
419 -3.98321
420 -3.98245
421 -3.98169
422 -3.98093
423 -3.98018
424 -3.97943
425 -3.97868
426 -3.97794
427 -3.9772
428 -3.97647
429 -3.97574
430 -3.97501
431 -3.97429
432 -3.97357
433 -3.97286
434 -3.97215
435 -3.97144
436 -3.97073
437 -3.97003
438 -3.96933
439 -3.96864
440 -3.96795
441 -3.96726
442 -3.96657
443 -3.96589
444 -3.96522
445 -3.96454
446 -3.96387
447 -3.9632
448 -3.96254
449 -3.96188
450 -3.96122
451 -3.96056
452 -3.95991
453 -3.95926
454 -3.95862
455 -3.95797
456 -3.95733
457 -3.9567
458 -3.95606
459 -3.95543
460 -3.9548
461 -3.95418
462 -3.95356
463 -3.95294
464 -3.95232
465 -3.95171
466 -3.9511
467 -3.95049
468 -3.94988
469 -3.94928
470 -3.94868
471 -3.94808
472 -3.94749
473 -3.9469
474 -3.94631
475 -3.94572
476 -3.94514
477 -3.94456
478 -3.94398
479 -3.9434
480 -3.94283
481 -3.94226
482 -3.94169
483 -3.94113
484 -3.94056
485 -3.94
486 -3.93944
487 -3.93889
488 -3.93834
489 -3.93778
490 -3.93724
491 -3.93669
492 -3.93615
493 -3.93561
494 -3.93507
495 -3.93453
496 -3.934
497 -3.93346
498 -3.93293
499 -3.93241
500 -3.93188
501 -3.93136
502 -3.93084
503 -3.93032
504 -3.9298
505 -3.92929
506 -3.92878
507 -3.92827
508 -3.92776
509 -3.92725
510 -3.92675
511 -3.92625
512 -3.92575
513 -3.92525
514 -3.92476
515 -3.92426
516 -3.92377
517 -3.92328
518 -3.9228
519 -3.92231
520 -3.92183
521 -3.92135
522 -3.92087
523 -3.92039
524 -3.91992
525 -3.91944
526 -3.91897
527 -3.9185
528 -3.91803
529 -3.91757
530 -3.9171
531 -3.91664
532 -3.91618
533 -3.91572
534 -3.91527
535 -3.91481
536 -3.91436
537 -3.91391
538 -3.91346
539 -3.91301
540 -3.91257
541 -3.91212
542 -3.91168
543 -3.91124
544 -3.9108
545 -3.91036
546 -3.90993
547 -3.90949
548 -3.90906
549 -3.90863
550 -3.9082
551 -3.90778
552 -3.90735
553 -3.90693
554 -3.9065
555 -3.90608
556 -3.90567
557 -3.90525
558 -3.90483
559 -3.90442
560 -3.90401
561 -3.90359
562 -3.90318
563 -3.90278
564 -3.90237
565 -3.90197
566 -3.90156
567 -3.90116
568 -3.90076
569 -3.90036
570 -3.89996
571 -3.89957
572 -3.89917
573 -3.89878
574 -3.89839
575 -3.898
576 -3.89761
577 -3.89722
578 -3.89684
579 -3.89645
580 -3.89607
581 -3.89569
582 -3.89531
583 -3.89493
584 -3.89455
585 -3.89417
586 -3.8938
587 -3.89343
588 -3.89305
589 -3.89268
590 -3.89231
591 -3.89195
592 -3.89158
593 -3.89121
594 -3.89085
595 -3.89049
596 -3.89012
597 -3.88976
598 -3.8894
599 -3.88905
600 -3.88869
601 -3.88833
602 -3.88798
603 -3.88763
604 -3.88728
605 -3.88693
606 -3.88658
607 -3.88623
608 -3.88588
609 -3.88554
610 -3.88519
611 -3.88485
612 -3.88451
613 -3.88417
614 -3.88383
615 -3.88349
616 -3.88315
617 -3.88281
618 -3.88248
619 -3.88215
620 -3.88181
621 -3.88148
622 -3.88115
623 -3.88082
624 -3.88049
625 -3.88017
626 -3.87984
627 -3.87952
628 -3.87919
629 -3.87887
630 -3.87855
631 -3.87823
632 -3.87791
633 -3.87759
634 -3.87727
635 -3.87695
636 -3.87664
637 -3.87632
638 -3.87601
639 -3.8757
640 -3.87539
641 -3.87508
642 -3.87477
643 -3.87446
644 -3.87415
645 -3.87385
646 -3.87354
647 -3.87324
648 -3.87293
649 -3.87263
650 -3.87233
651 -3.87203
652 -3.87173
653 -3.87143
654 -3.87114
655 -3.87084
656 -3.87054
657 -3.87025
658 -3.86996
659 -3.86966
660 -3.86937
661 -3.86908
662 -3.86879
663 -3.8685
664 -3.86821
665 -3.86793
666 -3.86764
667 -3.86736
668 -3.86707
669 -3.86679
670 -3.8665
671 -3.86622
672 -3.86594
673 -3.86566
674 -3.86538
675 -3.8651
676 -3.86483
677 -3.86455
678 -3.86428
679 -3.864
680 -3.86373
681 -3.86345
682 -3.86318
683 -3.86291
684 -3.86264
685 -3.86237
686 -3.8621
687 -3.86183
688 -3.86156
689 -3.8613
690 -3.86103
691 -3.86077
692 -3.8605
693 -3.86024
694 -3.85998
695 -3.85972
696 -3.85945
697 -3.85919
698 -3.85893
699 -3.85868
700 -3.85842
701 -3.85816
702 -3.85791
703 -3.85765
704 -3.85739
705 -3.85714
706 -3.85689
707 -3.85664
708 -3.85638
709 -3.85613
710 -3.85588
711 -3.85563
712 -3.85538
713 -3.85514
714 -3.85489
715 -3.85464
716 -3.8544
717 -3.85415
718 -3.85391
719 -3.85366
720 -3.85342
721 -3.85318
722 -3.85294
723 -3.85269
724 -3.85245
725 -3.85221
726 -3.85198
727 -3.85174
728 -3.8515
729 -3.85126
730 -3.85103
731 -3.85079
732 -3.85056
733 -3.85032
734 -3.85009
735 -3.84986
736 -3.84962
737 -3.84939
738 -3.84916
739 -3.84893
740 -3.8487
741 -3.84847
742 -3.84824
743 -3.84802
744 -3.84779
745 -3.84756
746 -3.84734
747 -3.84711
748 -3.84689
749 -3.84666
750 -3.84644
751 -3.84622
752 -3.846
753 -3.84578
754 -3.84555
755 -3.84533
756 -3.84512
757 -3.8449
758 -3.84468
759 -3.84446
760 -3.84424
761 -3.84403
762 -3.84381
763 -3.8436
764 -3.84338
765 -3.84317
766 -3.84295
767 -3.84274
768 -3.84253
769 -3.84232
770 -3.8421
771 -3.84189
772 -3.84168
773 -3.84147
774 -3.84127
775 -3.84106
776 -3.84085
777 -3.84064
778 -3.84043
779 -3.84023
780 -3.84002
781 -3.83982
782 -3.83961
783 -3.83941
784 -3.83921
785 -3.839
786 -3.8388
787 -3.8386
788 -3.8384
789 -3.8382
790 -3.838
791 -3.8378
792 -3.8376
793 -3.8374
794 -3.8372
795 -3.837
796 -3.83681
797 -3.83661
798 -3.83641
799 -3.83622
800 -3.83602
801 -3.83583
802 -3.83563
803 -3.83544
804 -3.83525
805 -3.83505
806 -3.83486
807 -3.83467
808 -3.83448
809 -3.83429
810 -3.8341
811 -3.83391
812 -3.83372
813 -3.83353
814 -3.83334
815 -3.83316
816 -3.83297
817 -3.83278
818 -3.8326
819 -3.83241
820 -3.83222
821 -3.83204
822 -3.83186
823 -3.83167
824 -3.83149
825 -3.8313
826 -3.83112
827 -3.83094
828 -3.83076
829 -3.83058
830 -3.8304
831 -3.83022
832 -3.83004
833 -3.82986
834 -3.82968
835 -3.8295
836 -3.82932
837 -3.82914
838 -3.82897
839 -3.82879
840 -3.82861
841 -3.82844
842 -3.82826
843 -3.82809
844 -3.82791
845 -3.82774
846 -3.82757
847 -3.82739
848 -3.82722
849 -3.82705
850 -3.82688
851 -3.8267
852 -3.82653
853 -3.82636
854 -3.82619
855 -3.82602
856 -3.82585
857 -3.82568
858 -3.82551
859 -3.82535
860 -3.82518
861 -3.82501
862 -3.82484
863 -3.82468
864 -3.82451
865 -3.82435
866 -3.82418
867 -3.82401
868 -3.82385
869 -3.82369
870 -3.82352
871 -3.82336
872 -3.8232
873 -3.82303
874 -3.82287
875 -3.82271
876 -3.82255
877 -3.82239
878 -3.82222
879 -3.82206
880 -3.8219
881 -3.82174
882 -3.82159
883 -3.82143
884 -3.82127
885 -3.82111
886 -3.82095
887 -3.82079
888 -3.82064
889 -3.82048
890 -3.82032
891 -3.82017
892 -3.82001
893 -3.81986
894 -3.8197
895 -3.81955
896 -3.81939
897 -3.81924
898 -3.81909
899 -3.81893
900 -3.81878
901 -3.81863
902 -3.81848
903 -3.81833
904 -3.81817
905 -3.81802
906 -3.81787
907 -3.81772
908 -3.81757
909 -3.81742
910 -3.81727
911 -3.81712
912 -3.81698
913 -3.81683
914 -3.81668
915 -3.81653
916 -3.81638
917 -3.81624
918 -3.81609
919 -3.81594
920 -3.8158
921 -3.81565
922 -3.81551
923 -3.81536
924 -3.81522
925 -3.81507
926 -3.81493
927 -3.81479
928 -3.81464
929 -3.8145
930 -3.81436
931 -3.81421
932 -3.81407
933 -3.81393
934 -3.81379
935 -3.81365
936 -3.81351
937 -3.81337
938 -3.81323
939 -3.81309
940 -3.81295
941 -3.81281
942 -3.81267
943 -3.81253
944 -3.81239
945 -3.81225
946 -3.81212
947 -3.81198
948 -3.81184
949 -3.8117
950 -3.81157
951 -3.81143
952 -3.8113
953 -3.81116
954 -3.81102
955 -3.81089
956 -3.81075
957 -3.81062
958 -3.81049
959 -3.81035
960 -3.81022
961 -3.81008
962 -3.80995
963 -3.80982
964 -3.80969
965 -3.80955
966 -3.80942
967 -3.80929
968 -3.80916
969 -3.80903
970 -3.8089
971 -3.80877
972 -3.80864
973 -3.80851
974 -3.80838
975 -3.80825
976 -3.80812
977 -3.80799
978 -3.80786
979 -3.80773
980 -3.8076
981 -3.80748
982 -3.80735
983 -3.80722
984 -3.8071
985 -3.80697
986 -3.80684
987 -3.80672
988 -3.80659
989 -3.80646
990 -3.80634
991 -3.80621
992 -3.80609
993 -3.80596
994 -3.80584
995 -3.80572
996 -3.80559
997 -3.80547
998 -3.80534
999 -3.80522
