0 0
1 0
2 -771.137
3 -137.515
4 -inf
5 -4.57298e+06
6 -2.55062
7 -3.50557
8 -3.47998
9 -3.36442
10 -3.51923
11 -3.55848
12 -3.58766
13 -3.61698
14 -3.63373
15 -3.6461
16 -3.65534
17 -3.66197
18 -3.66695
19 -3.67072
20 -3.67362
21 -3.67587
22 -3.67764
23 -3.67905
24 -3.68018
25 -3.68109
26 -3.68184
27 -3.68245
28 -3.68296
29 -3.68339
30 -3.68375
31 -3.68405
32 -3.6843
33 -3.68452
34 -3.68471
35 -3.68487
36 -3.68501
37 -3.68513
38 -3.68524
39 -3.68533
40 -3.68542
41 -3.68549
42 -3.68555
43 -3.68561
44 -3.68566
45 -3.6857
46 -3.68574
47 -3.68578
48 -3.68581
49 -3.68584
50 -3.68587
51 -3.68589
52 -3.68591
53 -3.68593
54 -3.68595
55 -3.68596
56 -3.68598
57 -3.68599
58 -3.686
59 -3.68601
60 -3.68603
61 -3.68603
62 -3.68604
63 -3.68605
64 -3.68606
65 -3.68607
66 -3.68607
67 -3.68608
68 -3.68608
69 -3.68609
70 -3.68609
71 -3.6861
72 -3.6861
73 -3.68611
74 -3.68611
75 -3.68611
76 -3.68611
77 -3.68612
78 -3.68612
79 -3.68612
80 -3.68613
81 -3.68613
82 -3.68613
83 -3.68613
84 -3.68613
85 -3.68614
86 -3.68614
87 -3.68614
88 -3.68614
89 -3.68614
90 -3.68614
91 -3.68614
92 -3.68615
93 -3.68615
94 -3.68615
95 -3.68615
96 -3.68615
97 -3.68615
98 -3.68615
99 -3.68615
100 -3.68615
101 -3.68615
102 -3.68615
103 -3.68615
104 -3.68616
105 -3.68616
106 -3.68616
107 -3.68616
108 -3.68616
109 -3.68616
110 -3.68616
111 -3.68616
112 -3.68616
113 -3.68616
114 -3.68616
115 -3.68616
116 -3.68616
117 -3.68616
118 -3.68616
119 -3.68616
120 -3.68616
121 -3.68616
122 -3.68616
123 -3.68616
124 -3.68616
125 -3.68616
126 -3.68616
127 -3.68616
128 -3.68616
129 -3.68616
130 -3.68616
131 -3.68616
132 -3.68616
133 -3.68616
134 -3.68617
135 -3.68617
136 -3.68617
137 -3.68617
138 -3.68617
139 -3.68617
140 -3.68617
141 -3.68617
142 -3.68617
143 -3.68617
144 -3.68617
145 -3.68617
146 -3.68617
147 -3.68617
148 -3.68617
149 -3.68617
150 -3.68617
151 -3.68617
152 -3.68617
153 -3.68617
154 -3.68617
155 -3.68617
156 -3.68617
157 -3.68617
158 -3.68617
159 -3.68617
160 -3.68617
161 -3.68617
162 -3.68617
163 -3.68617
164 -3.68617
165 -3.68617
166 -3.68617
167 -3.68617
168 -3.68617
169 -3.68617
170 -3.68617
171 -3.68617
172 -3.68617
173 -3.68617
174 -3.68617
175 -3.68617
176 -3.68617
177 -3.68617
178 -3.68617
179 -3.68617
180 -3.68617
181 -3.68617
182 -3.68617
183 -3.68617
184 -3.68617
185 -3.68617
186 -3.68617
187 -3.68617
188 -3.68617
189 -3.68617
190 -3.68617
191 -3.68617
192 -3.68617
193 -3.68617
194 -3.68617
195 -3.68617
196 -3.68617
197 -3.68617
198 -3.68617
199 -3.68617
200 -3.68617
201 -3.68617
202 -3.68617
203 -3.68617
204 -3.68617
205 -3.68617
206 -3.68617
207 -3.68617
208 -3.68617
209 -3.68617
210 -3.68617
211 -3.68617
212 -3.68617
213 -3.68617
214 -3.68617
215 -3.68617
216 -3.68617
217 -3.68617
218 -3.68617
219 -3.68617
220 -3.68617
221 -3.68617
222 -3.68617
223 -3.68617
224 -3.68617
225 -3.68617
226 -3.68617
227 -3.68617
228 -3.68617
229 -3.68617
230 -3.68617
231 -3.68617
232 -3.68617
233 -3.68617
234 -3.68617
235 -3.68617
236 -3.68617
237 -3.68617
238 -3.68617
239 -3.68617
240 -3.68617
241 -3.68617
242 -3.68617
243 -3.68617
244 -3.68617
245 -3.68617
246 -3.68617
247 -3.68617
248 -3.68617
249 -3.68617
250 -3.68617
251 -3.68617
252 -3.68617
253 -3.68617
254 -3.68617
255 -3.68617
256 -3.68617
257 -3.68617
258 -3.68617
259 -3.68617
260 -3.68617
261 -3.68617
262 -3.68617
263 -3.68617
264 -3.68617
265 -3.68617
266 -3.68617
267 -3.68617
268 -3.68617
269 -3.68617
270 -3.68617
271 -3.68617
272 -3.68617
273 -3.68617
274 -3.68617
275 -3.68617
276 -3.68617
277 -3.68617
278 -3.68617
279 -3.68617
280 -3.68617
281 -3.68617
282 -3.68617
283 -3.68617
284 -3.68617
285 -3.68617
286 -3.68617
287 -3.68617
288 -3.68617
289 -3.68617
290 -3.68617
291 -3.68617
292 -3.68617
293 -3.68617
294 -3.68617
295 -3.68617
296 -3.68617
297 -3.68617
298 -3.68617
299 -3.68617
300 -3.68617
301 -3.68617
302 -3.68617
303 -3.68617
304 -3.68617
305 -3.68617
306 -3.68617
307 -3.68617
308 -3.68617
309 -3.68617
310 -3.68617
311 -3.68617
312 -3.68617
313 -3.68617
314 -3.68617
315 -3.68617
316 -3.68617
317 -3.68617
318 -3.68617
319 -3.68617
320 -3.68617
321 -3.68617
322 -3.68617
323 -3.68617
324 -3.68617
325 -3.68617
326 -3.68617
327 -3.68617
328 -3.68617
329 -3.68617
330 -3.68617
331 -3.68617
332 -3.68617
333 -3.68617
334 -3.68617
335 -3.68617
336 -3.68617
337 -3.68617
338 -3.68617
339 -3.68617
340 -3.68617
341 -3.68617
342 -3.68617
343 -3.68617
344 -3.68617
345 -3.68617
346 -3.68617
347 -3.68617
348 -3.68617
349 -3.68617
350 -3.68617
351 -3.68617
352 -3.68617
353 -3.68617
354 -3.68617
355 -3.68617
356 -3.68617
357 -3.68617
358 -3.68617
359 -3.68617
360 -3.68617
361 -3.68617
362 -3.68617
363 -3.68617
364 -3.68617
365 -3.68617
366 -3.68617
367 -3.68617
368 -3.68617
369 -3.68617
370 -3.68617
371 -3.68617
372 -3.68617
373 -3.68617
374 -3.68617
375 -3.68617
376 -3.68617
377 -3.68617
378 -3.68617
379 -3.68617
380 -3.68617
381 -3.68617
382 -3.68617
383 -3.68617
384 -3.68617
385 -3.68617
386 -3.68617
387 -3.68617
388 -3.68617
389 -3.68617
390 -3.68617
391 -3.68617
392 -3.68617
393 -3.68617
394 -3.68617
395 -3.68617
396 -3.68617
397 -3.68617
398 -3.68617
399 -3.68617
400 -3.68617
401 -3.68617
402 -3.68617
403 -3.68617
404 -3.68617
405 -3.68617
406 -3.68617
407 -3.68617
408 -3.68617
409 -3.68617
410 -3.68617
411 -3.68617
412 -3.68617
413 -3.68617
414 -3.68617
415 -3.68617
416 -3.68617
417 -3.68617
418 -3.68617
419 -3.68617
420 -3.68617
421 -3.68617
422 -3.68617
423 -3.68617
424 -3.68617
425 -3.68617
426 -3.68617
427 -3.68617
428 -3.68617
429 -3.68617
430 -3.68617
431 -3.68617
432 -3.68617
433 -3.68617
434 -3.68617
435 -3.68617
436 -3.68617
437 -3.68617
438 -3.68617
439 -3.68617
440 -3.68617
441 -3.68617
442 -3.68617
443 -3.68617
444 -3.68617
445 -3.68617
446 -3.68617
447 -3.68617
448 -3.68617
449 -3.68617
450 -3.68617
451 -3.68617
452 -3.68617
453 -3.68617
454 -3.68617
455 -3.68617
456 -3.68617
457 -3.68617
458 -3.68617
459 -3.68617
460 -3.68617
461 -3.68617
462 -3.68617
463 -3.68617
464 -3.68617
465 -3.68617
466 -3.68617
467 -3.68617
468 -3.68617
469 -3.68617
470 -3.68617
471 -3.68617
472 -3.68617
473 -3.68617
474 -3.68617
475 -3.68617
476 -3.68617
477 -3.68617
478 -3.68617
479 -3.68617
480 -3.68617
481 -3.68617
482 -3.68617
483 -3.68617
484 -3.68617
485 -3.68617
486 -3.68617
487 -3.68617
488 -3.68617
489 -3.68617
490 -3.68617
491 -3.68617
492 -3.68617
493 -3.68617
494 -3.68617
495 -3.68617
496 -3.68617
497 -3.68617
498 -3.68617
499 -3.68617
500 -3.68617
501 -3.68617
502 -3.68617
503 -3.68617
504 -3.68617
505 -3.68617
506 -3.68617
507 -3.68617
508 -3.68617
509 -3.68617
510 -3.68617
511 -3.68617
512 -3.68617
513 -3.68617
514 -3.68617
515 -3.68617
516 -3.68617
517 -3.68617
518 -3.68617
519 -3.68617
520 -3.68617
521 -3.68617
522 -3.68617
523 -3.68617
524 -3.68617
525 -3.68617
526 -3.68617
527 -3.68617
528 -3.68617
529 -3.68617
530 -3.68617
531 -3.68617
532 -3.68617
533 -3.68617
534 -3.68617
535 -3.68617
536 -3.68617
537 -3.68617
538 -3.68617
539 -3.68617
540 -3.68617
541 -3.68617
542 -3.68617
543 -3.68617
544 -3.68617
545 -3.68617
546 -3.68617
547 -3.68617
548 -3.68617
549 -3.68617
550 -3.68617
551 -3.68617
552 -3.68617
553 -3.68617
554 -3.68617
555 -3.68617
556 -3.68617
557 -3.68617
558 -3.68617
559 -3.68617
560 -3.68617
561 -3.68617
562 -3.68617
563 -3.68617
564 -3.68617
565 -3.68617
566 -3.68617
567 -3.68617
568 -3.68617
569 -3.68617
570 -3.68617
571 -3.68617
572 -3.68617
573 -3.68617
574 -3.68617
575 -3.68617
576 -3.68617
577 -3.68617
578 -3.68617
579 -3.68617
580 -3.68617
581 -3.68617
582 -3.68617
583 -3.68617
584 -3.68617
585 -3.68617
586 -3.68617
587 -3.68617
588 -3.68617
589 -3.68617
590 -3.68617
591 -3.68617
592 -3.68617
593 -3.68617
594 -3.68617
595 -3.68617
596 -3.68617
597 -3.68617
598 -3.68617
599 -3.68617
600 -3.68617
601 -3.68617
602 -3.68617
603 -3.68617
604 -3.68617
605 -3.68617
606 -3.68617
607 -3.68617
608 -3.68617
609 -3.68617
610 -3.68617
611 -3.68617
612 -3.68617
613 -3.68617
614 -3.68617
615 -3.68617
616 -3.68617
617 -3.68617
618 -3.68617
619 -3.68617
620 -3.68617
621 -3.68617
622 -3.68617
623 -3.68617
624 -3.68617
625 -3.68617
626 -3.68617
627 -3.68617
628 -3.68617
629 -3.68617
630 -3.68617
631 -3.68617
632 -3.68617
633 -3.68617
634 -3.68617
635 -3.68617
636 -3.68617
637 -3.68617
638 -3.68617
639 -3.68617
640 -3.68617
641 -3.68617
642 -3.68617
643 -3.68617
644 -3.68617
645 -3.68617
646 -3.68617
647 -3.68617
648 -3.68617
649 -3.68617
650 -3.68617
651 -3.68617
652 -3.68617
653 -3.68617
654 -3.68617
655 -3.68617
656 -3.68617
657 -3.68617
658 -3.68617
659 -3.68617
660 -3.68617
661 -3.68617
662 -3.68617
663 -3.68617
664 -3.68617
665 -3.68617
666 -3.68617
667 -3.68617
668 -3.68617
669 -3.68617
670 -3.68617
671 -3.68617
672 -3.68617
673 -3.68617
674 -3.68617
675 -3.68617
676 -3.68617
677 -3.68617
678 -3.68617
679 -3.68617
680 -3.68617
681 -3.68617
682 -3.68617
683 -3.68617
684 -3.68617
685 -3.68617
686 -3.68617
687 -3.68617
688 -3.68617
689 -3.68617
690 -3.68617
691 -3.68617
692 -3.68617
693 -3.68617
694 -3.68617
695 -3.68617
696 -3.68617
697 -3.68617
698 -3.68617
699 -3.68617
700 -3.68617
701 -3.68617
702 -3.68617
703 -3.68617
704 -3.68617
705 -3.68617
706 -3.68617
707 -3.68617
708 -3.68617
709 -3.68617
710 -3.68617
711 -3.68617
712 -3.68617
713 -3.68617
714 -3.68617
715 -3.68617
716 -3.68617
717 -3.68617
718 -3.68617
719 -3.68617
720 -3.68617
721 -3.68617
722 -3.68617
723 -3.68617
724 -3.68617
725 -3.68617
726 -3.68617
727 -3.68617
728 -3.68617
729 -3.68617
730 -3.68617
731 -3.68617
732 -3.68617
733 -3.68617
734 -3.68617
735 -3.68617
736 -3.68617
737 -3.68617
738 -3.68617
739 -3.68617
740 -3.68617
741 -3.68617
742 -3.68617
743 -3.68617
744 -3.68617
745 -3.68617
746 -3.68617
747 -3.68617
748 -3.68617
749 -3.68617
750 -3.68617
751 -3.68617
752 -3.68617
753 -3.68617
754 -3.68617
755 -3.68617
756 -3.68617
757 -3.68617
758 -3.68617
759 -3.68617
760 -3.68617
761 -3.68617
762 -3.68617
763 -3.68617
764 -3.68617
765 -3.68617
766 -3.68617
767 -3.68617
768 -3.68617
769 -3.68617
770 -3.68617
771 -3.68617
772 -3.68617
773 -3.68617
774 -3.68617
775 -3.68617
776 -3.68617
777 -3.68617
778 -3.68617
779 -3.68617
780 -3.68617
781 -3.68617
782 -3.68617
783 -3.68617
784 -3.68617
785 -3.68617
786 -3.68617
787 -3.68617
788 -3.68617
789 -3.68617
790 -3.68617
791 -3.68617
792 -3.68617
793 -3.68617
794 -3.68617
795 -3.68617
796 -3.68617
797 -3.68617
798 -3.68617
799 -3.68617
800 -3.68617
801 -3.68617
802 -3.68617
803 -3.68617
804 -3.68617
805 -3.68617
806 -3.68617
807 -3.68617
808 -3.68617
809 -3.68617
810 -3.68617
811 -3.68617
812 -3.68617
813 -3.68617
814 -3.68617
815 -3.68617
816 -3.68617
817 -3.68617
818 -3.68617
819 -3.68617
820 -3.68617
821 -3.68617
822 -3.68617
823 -3.68617
824 -3.68617
825 -3.68617
826 -3.68617
827 -3.68617
828 -3.68617
829 -3.68617
830 -3.68617
831 -3.68617
832 -3.68617
833 -3.68617
834 -3.68617
835 -3.68617
836 -3.68617
837 -3.68617
838 -3.68617
839 -3.68617
840 -3.68617
841 -3.68617
842 -3.68617
843 -3.68617
844 -3.68617
845 -3.68617
846 -3.68617
847 -3.68617
848 -3.68617
849 -3.68617
850 -3.68617
851 -3.68617
852 -3.68617
853 -3.68617
854 -3.68617
855 -3.68617
856 -3.68617
857 -3.68617
858 -3.68617
859 -3.68617
860 -3.68617
861 -3.68617
862 -3.68617
863 -3.68617
864 -3.68617
865 -3.68617
866 -3.68617
867 -3.68617
868 -3.68617
869 -3.68617
870 -3.68617
871 -3.68617
872 -3.68617
873 -3.68617
874 -3.68617
875 -3.68617
876 -3.68617
877 -3.68617
878 -3.68617
879 -3.68617
880 -3.68617
881 -3.68617
882 -3.68617
883 -3.68617
884 -3.68617
885 -3.68617
886 -3.68617
887 -3.68617
888 -3.68617
889 -3.68617
890 -3.68617
891 -3.68617
892 -3.68617
893 -3.68617
894 -3.68617
895 -3.68617
896 -3.68617
897 -3.68617
898 -3.68617
899 -3.68617
900 -3.68617
901 -3.68617
902 -3.68617
903 -3.68617
904 -3.68617
905 -3.68617
906 -3.68617
907 -3.68617
908 -3.68617
909 -3.68617
910 -3.68617
911 -3.68617
912 -3.68617
913 -3.68617
914 -3.68617
915 -3.68617
916 -3.68617
917 -3.68617
918 -3.68617
919 -3.68617
920 -3.68617
921 -3.68617
922 -3.68617
923 -3.68617
924 -3.68617
925 -3.68617
926 -3.68617
927 -3.68617
928 -3.68617
929 -3.68617
930 -3.68617
931 -3.68617
932 -3.68617
933 -3.68617
934 -3.68617
935 -3.68617
936 -3.68617
937 -3.68617
938 -3.68617
939 -3.68617
940 -3.68617
941 -3.68617
942 -3.68617
943 -3.68617
944 -3.68617
945 -3.68617
946 -3.68617
947 -3.68617
948 -3.68617
949 -3.68617
950 -3.68617
951 -3.68617
952 -3.68617
953 -3.68617
954 -3.68617
955 -3.68617
956 -3.68617
957 -3.68617
958 -3.68617
959 -3.68617
960 -3.68617
961 -3.68617
962 -3.68617
963 -3.68617
964 -3.68617
965 -3.68617
966 -3.68617
967 -3.68617
968 -3.68617
969 -3.68617
970 -3.68617
971 -3.68617
972 -3.68617
973 -3.68617
974 -3.68617
975 -3.68617
976 -3.68617
977 -3.68617
978 -3.68617
979 -3.68617
980 -3.68617
981 -3.68617
982 -3.68617
983 -3.68617
984 -3.68617
985 -3.68617
986 -3.68617
987 -3.68617
988 -3.68617
989 -3.68617
990 -3.68617
991 -3.68617
992 -3.68617
993 -3.68617
994 -3.68617
995 -3.68617
996 -3.68617
997 -3.68617
998 -3.68617
999 -3.68617
