0 0
1 3.68617
2 -767.451
3 -133.829
4 -inf
5 -4.57298e+06
6 1.13555
7 0.180604
8 0.206189
9 0.32175
10 0.166937
11 0.127691
12 0.0985119
13 0.0691937
14 0.0524395
15 0.0400748
16 0.0308307
17 0.0242022
18 0.0192239
19 0.0154462
20 0.0125522
21 0.0103011
22 0.00853072
23 0.00712382
24 0.0059945
25 0.00507978
26 0.00433266
27 0.00371766
28 0.00320775
29 0.00278214
30 0.00242467
31 0.00212267
32 0.00186613
33 0.00164711
34 0.00145921
35 0.00129728
36 0.00115714
37 0.00103536
38 0.000929142
39 0.000836158
40 0.000754483
41 0.000682507
42 0.000618884
43 0.000562478
44 0.000512332
45 0.000467631
46 0.000427682
47 0.000391892
48 0.000359755
49 0.000330832
50 0.000304745
51 0.000281169
52 0.00025982
53 0.00024045
54 0.000222843
55 0.000206811
56 0.000192189
57 0.000178829
58 0.000166605
59 0.000155402
60 0.00014512
61 0.000135669
62 0.000126971
63 0.000118955
64 0.000111557
65 0.000104722
66 9.83991e-05
67 9.25429e-05
68 8.71128e-05
69 8.20721e-05
70 7.73881e-05
71 7.30307e-05
72 6.89732e-05
73 6.51911e-05
74 6.16624e-05
75 5.8367e-05
76 5.52866e-05
77 5.24047e-05
78 4.97062e-05
79 4.71772e-05
80 4.48052e-05
81 4.25786e-05
82 4.04869e-05
83 3.85204e-05
84 3.66702e-05
85 3.49282e-05
86 3.32869e-05
87 3.17394e-05
88 3.02793e-05
89 2.89009e-05
90 2.75986e-05
91 2.63676e-05
92 2.52031e-05
93 2.4101e-05
94 2.30572e-05
95 2.20682e-05
96 2.11304e-05
97 2.02408e-05
98 1.93964e-05
99 1.85945e-05
100 1.78325e-05
101 1.71082e-05
102 1.64192e-05
103 1.57636e-05
104 1.51393e-05
105 1.45448e-05
106 1.39782e-05
107 1.3438e-05
108 1.29227e-05
109 1.2431e-05
110 1.19616e-05
111 1.15133e-05
112 1.1085e-05
113 1.06756e-05
114 1.02841e-05
115 9.90958e-06
116 9.55118e-06
117 9.20807e-06
118 8.87948e-06
119 8.56466e-06
120 8.26295e-06
121 7.97368e-06
122 7.69625e-06
123 7.43008e-06
124 7.17463e-06
125 6.92938e-06
126 6.69386e-06
127 6.4676e-06
128 6.25016e-06
129 6.04115e-06
130 5.84017e-06
131 5.64685e-06
132 5.46085e-06
133 5.28183e-06
134 5.10949e-06
135 4.94353e-06
136 4.78366e-06
137 4.62963e-06
138 4.48117e-06
139 4.33806e-06
140 4.20005e-06
141 4.06693e-06
142 3.9385e-06
143 3.81456e-06
144 3.69492e-06
145 3.5794e-06
146 3.46784e-06
147 3.36007e-06
148 3.25595e-06
149 3.15531e-06
150 3.05804e-06
151 2.96398e-06
152 2.87301e-06
153 2.78502e-06
154 2.69989e-06
155 2.6175e-06
156 2.53776e-06
157 2.46055e-06
158 2.38579e-06
159 2.31338e-06
160 2.24323e-06
161 2.17526e-06
162 2.10939e-06
163 2.04555e-06
164 1.98364e-06
165 1.92362e-06
166 1.8654e-06
167 1.80893e-06
168 1.75414e-06
169 1.70097e-06
170 1.64937e-06
171 1.59927e-06
172 1.55063e-06
173 1.5034e-06
174 1.45753e-06
175 1.41297e-06
176 1.36967e-06
177 1.3276e-06
178 1.28671e-06
179 1.24697e-06
180 1.20833e-06
181 1.17075e-06
182 1.13421e-06
183 1.09867e-06
184 1.0641e-06
185 1.03046e-06
186 9.97726e-07
187 9.65868e-07
188 9.34858e-07
189 9.04668e-07
190 8.75274e-07
191 8.46651e-07
192 8.18773e-07
193 7.91618e-07
194 7.65163e-07
195 7.39388e-07
196 7.14271e-07
197 6.89791e-07
198 6.65931e-07
199 6.4267e-07
200 6.19992e-07
201 5.97878e-07
202 5.76313e-07
203 5.55279e-07
204 5.34761e-07
205 5.14744e-07
206 4.95213e-07
207 4.76155e-07
208 4.57555e-07
209 4.394e-07
210 4.21679e-07
211 4.04378e-07
212 3.87485e-07
213 3.70989e-07
214 3.54879e-07
215 3.39144e-07
216 3.23774e-07
217 3.08758e-07
218 2.94087e-07
219 2.79752e-07
220 2.65742e-07
221 2.5205e-07
222 2.38667e-07
223 2.25584e-07
224 2.12794e-07
225 2.00288e-07
226 1.88059e-07
227 1.761e-07
228 1.64403e-07
229 1.52962e-07
230 1.4177e-07
231 1.3082e-07
232 1.20107e-07
233 1.09624e-07
234 9.93657e-08
235 8.93255e-08
236 7.94984e-08
237 6.98787e-08
238 6.04615e-08
239 5.12415e-08
240 4.22139e-08
241 3.33737e-08
242 2.47165e-08
243 1.62376e-08
244 7.93268e-09
245 -2.02523e-10
246 -8.17218e-09
247 -1.59803e-08
248 -2.36308e-08
249 -3.11274e-08
250 -3.8474e-08
251 -4.5674e-08
252 -5.27309e-08
253 -5.96482e-08
254 -6.64292e-08
255 -7.3077e-08
256 -7.95948e-08
257 -8.59856e-08
258 -9.22524e-08
259 -9.83981e-08
260 -1.04425e-07
261 -1.10337e-07
262 -1.16136e-07
263 -1.21824e-07
264 -1.27405e-07
265 -1.3288e-07
266 -1.38252e-07
267 -1.43523e-07
268 -1.48696e-07
269 -1.53772e-07
270 -1.58755e-07
271 -1.63645e-07
272 -1.68445e-07
273 -1.73157e-07
274 -1.77784e-07
275 -1.82326e-07
276 -1.86785e-07
277 -1.91164e-07
278 -1.95464e-07
279 -1.99687e-07
280 -2.03834e-07
281 -2.07908e-07
282 -2.11909e-07
283 -2.15839e-07
284 -2.197e-07
285 -2.23494e-07
286 -2.2722e-07
287 -2.30882e-07
288 -2.3448e-07
289 -2.38016e-07
290 -2.41491e-07
291 -2.44906e-07
292 -2.48262e-07
293 -2.51561e-07
294 -2.54804e-07
295 -2.57992e-07
296 -2.61126e-07
297 -2.64207e-07
298 -2.67237e-07
299 -2.70215e-07
300 -2.73144e-07
301 -2.76024e-07
302 -2.78857e-07
303 -2.81642e-07
304 -2.84382e-07
305 -2.87077e-07
306 -2.89727e-07
307 -2.92335e-07
308 -2.949e-07
309 -2.97423e-07
310 -2.99906e-07
311 -3.02349e-07
312 -3.04752e-07
313 -3.07117e-07
314 -3.09445e-07
315 -3.11735e-07
316 -3.13989e-07
317 -3.16208e-07
318 -3.18391e-07
319 -3.20541e-07
320 -3.22656e-07
321 -3.24739e-07
322 -3.26789e-07
323 -3.28808e-07
324 -3.30795e-07
325 -3.32752e-07
326 -3.34678e-07
327 -3.36575e-07
328 -3.38444e-07
329 -3.40283e-07
330 -3.42095e-07
331 -3.4388e-07
332 -3.45637e-07
333 -3.47368e-07
334 -3.49073e-07
335 -3.50753e-07
336 -3.52408e-07
337 -3.54038e-07
338 -3.55643e-07
339 -3.57226e-07
340 -3.58784e-07
341 -3.6032e-07
342 -3.61834e-07
343 -3.63325e-07
344 -3.64795e-07
345 -3.66243e-07
346 -3.67671e-07
347 -3.69078e-07
348 -3.70464e-07
349 -3.71831e-07
350 -3.73178e-07
351 -3.74506e-07
352 -3.75815e-07
353 -3.77105e-07
354 -3.78378e-07
355 -3.79632e-07
356 -3.80868e-07
357 -3.82088e-07
358 -3.8329e-07
359 -3.84475e-07
360 -3.85644e-07
361 -3.86797e-07
362 -3.87934e-07
363 -3.89055e-07
364 -3.90161e-07
365 -3.91251e-07
366 -3.92327e-07
367 -3.93388e-07
368 -3.94434e-07
369 -3.95467e-07
370 -3.96485e-07
371 -3.9749e-07
372 -3.98481e-07
373 -3.99458e-07
374 -4.00423e-07
375 -4.01375e-07
376 -4.02314e-07
377 -4.03241e-07
378 -4.04155e-07
379 -4.05057e-07
380 -4.05948e-07
381 -4.06827e-07
382 -4.07694e-07
383 -4.0855e-07
384 -4.09394e-07
385 -4.10228e-07
386 -4.11051e-07
387 -4.11863e-07
388 -4.12665e-07
389 -4.13456e-07
390 -4.14238e-07
391 -4.15009e-07
392 -4.1577e-07
393 -4.16522e-07
394 -4.17264e-07
395 -4.17997e-07
396 -4.18721e-07
397 -4.19435e-07
398 -4.2014e-07
399 -4.20837e-07
400 -4.21525e-07
401 -4.22204e-07
402 -4.22875e-07
403 -4.23537e-07
404 -4.24192e-07
405 -4.24838e-07
406 -4.25476e-07
407 -4.26106e-07
408 -4.26729e-07
409 -4.27344e-07
410 -4.27951e-07
411 -4.28551e-07
412 -4.29144e-07
413 -4.2973e-07
414 -4.30308e-07
415 -4.3088e-07
416 -4.31444e-07
417 -4.32002e-07
418 -4.32553e-07
419 -4.33098e-07
420 -4.33636e-07
421 -4.34168e-07
422 -4.34693e-07
423 -4.35212e-07
424 -4.35726e-07
425 -4.36233e-07
426 -4.36734e-07
427 -4.37229e-07
428 -4.37718e-07
429 -4.38202e-07
430 -4.3868e-07
431 -4.39152e-07
432 -4.39619e-07
433 -4.40081e-07
434 -4.40537e-07
435 -4.40988e-07
436 -4.41434e-07
437 -4.41875e-07
438 -4.42311e-07
439 -4.42741e-07
440 -4.43167e-07
441 -4.43588e-07
442 -4.44004e-07
443 -4.44416e-07
444 -4.44823e-07
445 -4.45225e-07
446 -4.45623e-07
447 -4.46016e-07
448 -4.46405e-07
449 -4.4679e-07
450 -4.4717e-07
451 -4.47546e-07
452 -4.47918e-07
453 -4.48286e-07
454 -4.4865e-07
455 -4.4901e-07
456 -4.49366e-07
457 -4.49717e-07
458 -4.50066e-07
459 -4.5041e-07
460 -4.5075e-07
461 -4.51087e-07
462 -4.5142e-07
463 -4.5175e-07
464 -4.52076e-07
465 -4.52399e-07
466 -4.52718e-07
467 -4.53033e-07
468 -4.53346e-07
469 -4.53654e-07
470 -4.5396e-07
471 -4.54262e-07
472 -4.54562e-07
473 -4.54858e-07
474 -4.55151e-07
475 -4.5544e-07
476 -4.55727e-07
477 -4.56011e-07
478 -4.56292e-07
479 -4.56569e-07
480 -4.56844e-07
481 -4.57116e-07
482 -4.57386e-07
483 -4.57652e-07
484 -4.57916e-07
485 -4.58177e-07
486 -4.58435e-07
487 -4.58691e-07
488 -4.58944e-07
489 -4.59194e-07
490 -4.59442e-07
491 -4.59687e-07
492 -4.5993e-07
493 -4.60171e-07
494 -4.60409e-07
495 -4.60644e-07
496 -4.60877e-07
497 -4.61108e-07
498 -4.61337e-07
499 -4.61563e-07
500 -4.61787e-07
501 -4.62008e-07
502 -4.62228e-07
503 -4.62445e-07
504 -4.6266e-07
505 -4.62873e-07
506 -4.63084e-07
507 -4.63293e-07
508 -4.635e-07
509 -4.63705e-07
510 -4.63907e-07
511 -4.64108e-07
512 -4.64307e-07
513 -4.64504e-07
514 -4.64699e-07
515 -4.64892e-07
516 -4.65083e-07
517 -4.65272e-07
518 -4.65459e-07
519 -4.65645e-07
520 -4.65829e-07
521 -4.66011e-07
522 -4.66191e-07
523 -4.6637e-07
524 -4.66547e-07
525 -4.66722e-07
526 -4.66896e-07
527 -4.67068e-07
528 -4.67238e-07
529 -4.67407e-07
530 -4.67574e-07
531 -4.67739e-07
532 -4.67903e-07
533 -4.68066e-07
534 -4.68227e-07
535 -4.68386e-07
536 -4.68544e-07
537 -4.687e-07
538 -4.68855e-07
539 -4.69009e-07
540 -4.69161e-07
541 -4.69312e-07
542 -4.69461e-07
543 -4.69609e-07
544 -4.69755e-07
545 -4.69901e-07
546 -4.70044e-07
547 -4.70187e-07
548 -4.70328e-07
549 -4.70468e-07
550 -4.70607e-07
551 -4.70745e-07
552 -4.70881e-07
553 -4.71016e-07
554 -4.71149e-07
555 -4.71282e-07
556 -4.71413e-07
557 -4.71544e-07
558 -4.71673e-07
559 -4.718e-07
560 -4.71927e-07
561 -4.72053e-07
562 -4.72177e-07
563 -4.723e-07
564 -4.72423e-07
565 -4.72544e-07
566 -4.72664e-07
567 -4.72783e-07
568 -4.72901e-07
569 -4.73018e-07
570 -4.73134e-07
571 -4.73249e-07
572 -4.73363e-07
573 -4.73476e-07
574 -4.73588e-07
575 -4.73698e-07
576 -4.73808e-07
577 -4.73918e-07
578 -4.74026e-07
579 -4.74133e-07
580 -4.74239e-07
581 -4.74344e-07
582 -4.74449e-07
583 -4.74552e-07
584 -4.74655e-07
585 -4.74757e-07
586 -4.74857e-07
587 -4.74957e-07
588 -4.75057e-07
589 -4.75155e-07
590 -4.75252e-07
591 -4.75349e-07
592 -4.75445e-07
593 -4.7554e-07
594 -4.75634e-07
595 -4.75728e-07
596 -4.7582e-07
597 -4.75912e-07
598 -4.76003e-07
599 -4.76094e-07
600 -4.76183e-07
601 -4.76272e-07
602 -4.7636e-07
603 -4.76448e-07
604 -4.76534e-07
605 -4.7662e-07
606 -4.76705e-07
607 -4.7679e-07
608 -4.76874e-07
609 -4.76957e-07
610 -4.77039e-07
611 -4.77121e-07
612 -4.77202e-07
613 -4.77283e-07
614 -4.77363e-07
615 -4.77442e-07
616 -4.7752e-07
617 -4.77598e-07
618 -4.77675e-07
619 -4.77752e-07
620 -4.77828e-07
621 -4.77903e-07
622 -4.77978e-07
623 -4.78052e-07
624 -4.78126e-07
625 -4.78199e-07
626 -4.78271e-07
627 -4.78343e-07
628 -4.78414e-07
629 -4.78485e-07
630 -4.78555e-07
631 -4.78625e-07
632 -4.78694e-07
633 -4.78762e-07
634 -4.7883e-07
635 -4.78897e-07
636 -4.78964e-07
637 -4.79031e-07
638 -4.79097e-07
639 -4.79162e-07
640 -4.79227e-07
641 -4.79291e-07
642 -4.79355e-07
643 -4.79418e-07
644 -4.79481e-07
645 -4.79543e-07
646 -4.79605e-07
647 -4.79666e-07
648 -4.79727e-07
649 -4.79788e-07
650 -4.79848e-07
651 -4.79907e-07
652 -4.79966e-07
653 -4.80025e-07
654 -4.80083e-07
655 -4.8014e-07
656 -4.80198e-07
657 -4.80254e-07
658 -4.80311e-07
659 -4.80367e-07
660 -4.80422e-07
661 -4.80477e-07
662 -4.80532e-07
663 -4.80586e-07
664 -4.8064e-07
665 -4.80694e-07
666 -4.80747e-07
667 -4.80799e-07
668 -4.80852e-07
669 -4.80904e-07
670 -4.80955e-07
671 -4.81006e-07
672 -4.81057e-07
673 -4.81107e-07
674 -4.81157e-07
675 -4.81207e-07
676 -4.81256e-07
677 -4.81305e-07
678 -4.81353e-07
679 -4.81401e-07
680 -4.81449e-07
681 -4.81497e-07
682 -4.81544e-07
683 -4.81591e-07
684 -4.81637e-07
685 -4.81683e-07
686 -4.81729e-07
687 -4.81774e-07
688 -4.81819e-07
689 -4.81864e-07
690 -4.81908e-07
691 -4.81952e-07
692 -4.81996e-07
693 -4.8204e-07
694 -4.82083e-07
695 -4.82126e-07
696 -4.82168e-07
697 -4.8221e-07
698 -4.82252e-07
699 -4.82294e-07
700 -4.82335e-07
701 -4.82376e-07
702 -4.82417e-07
703 -4.82457e-07
704 -4.82498e-07
705 -4.82537e-07
706 -4.82577e-07
707 -4.82616e-07
708 -4.82655e-07
709 -4.82694e-07
710 -4.82733e-07
711 -4.82771e-07
712 -4.82809e-07
713 -4.82846e-07
714 -4.82884e-07
715 -4.82921e-07
716 -4.82958e-07
717 -4.82995e-07
718 -4.83031e-07
719 -4.83067e-07
720 -4.83103e-07
721 -4.83139e-07
722 -4.83174e-07
723 -4.83209e-07
724 -4.83244e-07
725 -4.83279e-07
726 -4.83313e-07
727 -4.83347e-07
728 -4.83381e-07
729 -4.83415e-07
730 -4.83448e-07
731 -4.83482e-07
732 -4.83515e-07
733 -4.83547e-07
734 -4.8358e-07
735 -4.83612e-07
736 -4.83644e-07
737 -4.83676e-07
738 -4.83708e-07
739 -4.83739e-07
740 -4.83771e-07
741 -4.83802e-07
742 -4.83833e-07
743 -4.83863e-07
744 -4.83894e-07
745 -4.83924e-07
746 -4.83954e-07
747 -4.83984e-07
748 -4.84013e-07
749 -4.84043e-07
750 -4.84072e-07
751 -4.84101e-07
752 -4.8413e-07
753 -4.84159e-07
754 -4.84187e-07
755 -4.84215e-07
756 -4.84243e-07
757 -4.84271e-07
758 -4.84299e-07
759 -4.84326e-07
760 -4.84354e-07
761 -4.84381e-07
762 -4.84408e-07
763 -4.84435e-07
764 -4.84461e-07
765 -4.84488e-07
766 -4.84514e-07
767 -4.8454e-07
768 -4.84566e-07
769 -4.84592e-07
770 -4.84618e-07
771 -4.84643e-07
772 -4.84668e-07
773 -4.84694e-07
774 -4.84718e-07
775 -4.84743e-07
776 -4.84768e-07
777 -4.84792e-07
778 -4.84817e-07
779 -4.84841e-07
780 -4.84865e-07
781 -4.84889e-07
782 -4.84912e-07
783 -4.84936e-07
784 -4.84959e-07
785 -4.84983e-07
786 -4.85006e-07
787 -4.85029e-07
788 -4.85051e-07
789 -4.85074e-07
790 -4.85097e-07
791 -4.85119e-07
792 -4.85141e-07
793 -4.85163e-07
794 -4.85185e-07
795 -4.85207e-07
796 -4.85229e-07
797 -4.8525e-07
798 -4.85272e-07
799 -4.85293e-07
800 -4.85314e-07
801 -4.85335e-07
802 -4.85356e-07
803 -4.85377e-07
804 -4.85397e-07
805 -4.85418e-07
806 -4.85438e-07
807 -4.85458e-07
808 -4.85479e-07
809 -4.85499e-07
810 -4.85519e-07
811 -4.85538e-07
812 -4.85558e-07
813 -4.85577e-07
814 -4.85597e-07
815 -4.85616e-07
816 -4.85635e-07
817 -4.85654e-07
818 -4.85673e-07
819 -4.85692e-07
820 -4.85711e-07
821 -4.85729e-07
822 -4.85748e-07
823 -4.85766e-07
824 -4.85784e-07
825 -4.85802e-07
826 -4.8582e-07
827 -4.85838e-07
828 -4.85856e-07
829 -4.85874e-07
830 -4.85891e-07
831 -4.85909e-07
832 -4.85926e-07
833 -4.85943e-07
834 -4.8596e-07
835 -4.85977e-07
836 -4.85994e-07
837 -4.86011e-07
838 -4.86028e-07
839 -4.86045e-07
840 -4.86061e-07
841 -4.86078e-07
842 -4.86094e-07
843 -4.8611e-07
844 -4.86127e-07
845 -4.86143e-07
846 -4.86159e-07
847 -4.86174e-07
848 -4.8619e-07
849 -4.86206e-07
850 -4.86221e-07
851 -4.86237e-07
852 -4.86252e-07
853 -4.86268e-07
854 -4.86283e-07
855 -4.86298e-07
856 -4.86313e-07
857 -4.86328e-07
858 -4.86343e-07
859 -4.86358e-07
860 -4.86373e-07
861 -4.86387e-07
862 -4.86402e-07
863 -4.86416e-07
864 -4.8643e-07
865 -4.86445e-07
866 -4.86459e-07
867 -4.86473e-07
868 -4.86487e-07
869 -4.86501e-07
870 -4.86515e-07
871 -4.86529e-07
872 -4.86543e-07
873 -4.86556e-07
874 -4.8657e-07
875 -4.86583e-07
876 -4.86597e-07
877 -4.8661e-07
878 -4.86623e-07
879 -4.86636e-07
880 -4.8665e-07
881 -4.86663e-07
882 -4.86676e-07
883 -4.86688e-07
884 -4.86701e-07
885 -4.86714e-07
886 -4.86727e-07
887 -4.86739e-07
888 -4.86752e-07
889 -4.86764e-07
890 -4.86777e-07
891 -4.86789e-07
892 -4.86801e-07
893 -4.86813e-07
894 -4.86825e-07
895 -4.86837e-07
896 -4.86849e-07
897 -4.86861e-07
898 -4.86873e-07
899 -4.86885e-07
900 -4.86897e-07
901 -4.86908e-07
902 -4.8692e-07
903 -4.86931e-07
904 -4.86943e-07
905 -4.86954e-07
906 -4.86966e-07
907 -4.86977e-07
908 -4.86988e-07
909 -4.86999e-07
910 -4.8701e-07
911 -4.87021e-07
912 -4.87032e-07
913 -4.87043e-07
914 -4.87054e-07
915 -4.87065e-07
916 -4.87075e-07
917 -4.87086e-07
918 -4.87097e-07
919 -4.87107e-07
920 -4.87118e-07
921 -4.87128e-07
922 -4.87139e-07
923 -4.87149e-07
924 -4.87159e-07
925 -4.87169e-07
926 -4.8718e-07
927 -4.8719e-07
928 -4.872e-07
929 -4.8721e-07
930 -4.8722e-07
931 -4.87229e-07
932 -4.87239e-07
933 -4.87249e-07
934 -4.87259e-07
935 -4.87268e-07
936 -4.87278e-07
937 -4.87288e-07
938 -4.87297e-07
939 -4.87307e-07
940 -4.87316e-07
941 -4.87325e-07
942 -4.87335e-07
943 -4.87344e-07
944 -4.87353e-07
945 -4.87362e-07
946 -4.87372e-07
947 -4.87381e-07
948 -4.8739e-07
949 -4.87399e-07
950 -4.87407e-07
951 -4.87416e-07
952 -4.87425e-07
953 -4.87434e-07
954 -4.87443e-07
955 -4.87451e-07
956 -4.8746e-07
957 -4.87469e-07
958 -4.87477e-07
959 -4.87486e-07
960 -4.87494e-07
961 -4.87503e-07
962 -4.87511e-07
963 -4.87519e-07
964 -4.87528e-07
965 -4.87536e-07
966 -4.87544e-07
967 -4.87552e-07
968 -4.8756e-07
969 -4.87569e-07
970 -4.87577e-07
971 -4.87585e-07
972 -4.87593e-07
973 -4.876e-07
974 -4.87608e-07
975 -4.87616e-07
976 -4.87624e-07
977 -4.87632e-07
978 -4.8764e-07
979 -4.87647e-07
980 -4.87655e-07
981 -4.87662e-07
982 -4.8767e-07
983 -4.87677e-07
984 -4.87685e-07
985 -4.87692e-07
986 -4.877e-07
987 -4.87707e-07
988 -4.87715e-07
989 -4.87722e-07
990 -4.87729e-07
991 -4.87736e-07
992 -4.87744e-07
993 -4.87751e-07
994 -4.87758e-07
995 -4.87765e-07
996 -4.87772e-07
997 -4.87779e-07
998 -4.87786e-07
999 -4.87793e-07
