0 0
1 0
2 -771.137
3 -137.515
4 -inf
5 0.322566
6 0.161917
7 0.0153702
8 -0.116871
9 -0.235354
10 -0.341234
11 -0.435889
12 -0.520688
13 -0.596891
14 -0.665608
15 -0.727804
16 -0.784305
17 -0.835817
18 -0.882944
19 -0.926202
20 -0.966031
21 -1.00281
22 -1.03688
23 -1.06851
24 -1.09795
25 -1.12541
26 -1.1511
27 -1.17516
28 -1.19775
29 -1.219
30 -1.23903
31 -1.25792
32 -1.27578
33 -1.29269
34 -1.30873
35 -1.32394
36 -1.33841
37 -1.35218
38 -1.3653
39 -1.37781
40 -1.38976
41 -1.40118
42 -1.41211
43 -1.42258
44 -1.43261
45 -1.44224
46 -1.45148
47 -1.46036
48 -1.4689
49 -1.47712
50 -1.48504
51 -1.49267
52 -1.50003
53 -1.50714
54 -1.51399
55 -1.52062
56 -1.52702
57 -1.53322
58 -1.53922
59 -1.54502
60 -1.55065
61 -1.5561
62 -1.56139
63 -1.56652
64 -1.5715
65 -1.57634
66 -1.58104
67 -1.5856
68 -1.59004
69 -1.59436
70 -1.59856
71 -1.60265
72 -1.60663
73 -1.61051
74 -1.61428
75 -1.61797
76 -1.62156
77 -1.62506
78 -1.62848
79 -1.63181
80 -1.63507
81 -1.63824
82 -1.64135
83 -1.64438
84 -1.64735
85 -1.65025
86 -1.65308
87 -1.65585
88 -1.65856
89 -1.66121
90 -1.66381
91 -1.66635
92 -1.66884
93 -1.67128
94 -1.67366
95 -1.676
96 -1.6783
97 -1.68054
98 -1.68275
99 -1.68491
100 -1.68702
101 -1.6891
102 -1.69114
103 -1.69314
104 -1.69511
105 -1.69703
106 -1.69893
107 -1.70078
108 -1.70261
109 -1.7044
110 -1.70616
111 -1.7079
112 -1.7096
113 -1.71127
114 -1.71291
115 -1.71453
116 -1.71612
117 -1.71768
118 -1.71922
119 -1.72073
120 -1.72222
121 -1.72368
122 -1.72512
123 -1.72654
124 -1.72793
125 -1.72931
126 -1.73066
127 -1.73199
128 -1.73331
129 -1.7346
130 -1.73587
131 -1.73712
132 -1.73836
133 -1.73958
134 -1.74078
135 -1.74196
136 -1.74313
137 -1.74428
138 -1.74541
139 -1.74653
140 -1.74763
141 -1.74871
142 -1.74979
143 -1.75084
144 -1.75188
145 -1.75291
146 -1.75393
147 -1.75493
148 -1.75592
149 -1.75689
150 -1.75786
151 -1.75881
152 -1.75974
153 -1.76067
154 -1.76158
155 -1.76249
156 -1.76338
157 -1.76426
158 -1.76513
159 -1.76599
160 -1.76684
161 -1.76767
162 -1.7685
163 -1.76932
164 -1.77013
165 -1.77093
166 -1.77172
167 -1.7725
168 -1.77327
169 -1.77403
170 -1.77478
171 -1.77553
172 -1.77627
173 -1.77699
174 -1.77771
175 -1.77842
176 -1.77913
177 -1.77982
178 -1.78051
179 -1.78119
180 -1.78187
181 -1.78253
182 -1.78319
183 -1.78384
184 -1.78449
185 -1.78513
186 -1.78576
187 -1.78638
188 -1.787
189 -1.78761
190 -1.78822
191 -1.78882
192 -1.78941
193 -1.79
194 -1.79058
195 -1.79116
196 -1.79173
197 -1.79229
198 -1.79285
199 -1.7934
200 -1.79395
201 -1.79449
202 -1.79503
203 -1.79556
204 -1.79609
205 -1.79661
206 -1.79712
207 -1.79764
208 -1.79814
209 -1.79864
210 -1.79914
211 -1.79963
212 -1.80012
213 -1.80061
214 -1.80109
215 -1.80156
216 -1.80203
217 -1.8025
218 -1.80296
219 -1.80342
220 -1.80387
221 -1.80432
222 -1.80477
223 -1.80521
224 -1.80565
225 -1.80608
226 -1.80651
227 -1.80694
228 -1.80736
229 -1.80778
230 -1.8082
231 -1.80861
232 -1.80902
233 -1.80942
234 -1.80982
235 -1.81022
236 -1.81062
237 -1.81101
238 -1.8114
239 -1.81178
240 -1.81217
241 -1.81255
242 -1.81292
243 -1.81329
244 -1.81366
245 -1.81403
246 -1.8144
247 -1.81476
248 -1.81512
249 -1.81547
250 -1.81582
251 -1.81617
252 -1.81652
253 -1.81687
254 -1.81721
255 -1.81755
256 -1.81788
257 -1.81822
258 -1.81855
259 -1.81888
260 -1.8192
261 -1.81953
262 -1.81985
263 -1.82017
264 -1.82048
265 -1.8208
266 -1.82111
267 -1.82142
268 -1.82173
269 -1.82203
270 -1.82234
271 -1.82264
272 -1.82294
273 -1.82323
274 -1.82353
275 -1.82382
276 -1.82411
277 -1.8244
278 -1.82468
279 -1.82497
280 -1.82525
281 -1.82553
282 -1.82581
283 -1.82608
284 -1.82636
285 -1.82663
286 -1.8269
287 -1.82717
288 -1.82744
289 -1.8277
290 -1.82796
291 -1.82822
292 -1.82848
293 -1.82874
294 -1.829
295 -1.82925
296 -1.8295
297 -1.82976
298 -1.83
299 -1.83025
300 -1.8305
301 -1.83074
302 -1.83099
303 -1.83123
304 -1.83147
305 -1.8317
306 -1.83194
307 -1.83218
308 -1.83241
309 -1.83264
310 -1.83287
311 -1.8331
312 -1.83333
313 -1.83356
314 -1.83378
315 -1.834
316 -1.83423
317 -1.83445
318 -1.83467
319 -1.83488
320 -1.8351
321 -1.83531
322 -1.83553
323 -1.83574
324 -1.83595
325 -1.83616
326 -1.83637
327 -1.83658
328 -1.83678
329 -1.83699
330 -1.83719
331 -1.8374
332 -1.8376
333 -1.8378
334 -1.838
335 -1.83819
336 -1.83839
337 -1.83859
338 -1.83878
339 -1.83897
340 -1.83917
341 -1.83936
342 -1.83955
343 -1.83973
344 -1.83992
345 -1.84011
346 -1.84029
347 -1.84048
348 -1.84066
349 -1.84084
350 -1.84103
351 -1.84121
352 -1.84139
353 -1.84156
354 -1.84174
355 -1.84192
356 -1.84209
357 -1.84227
358 -1.84244
359 -1.84261
360 -1.84278
361 -1.84295
362 -1.84312
363 -1.84329
364 -1.84346
365 -1.84363
366 -1.84379
367 -1.84396
368 -1.84412
369 -1.84429
370 -1.84445
371 -1.84461
372 -1.84477
373 -1.84493
374 -1.84509
375 -1.84525
376 -1.8454
377 -1.84556
378 -1.84572
379 -1.84587
380 -1.84603
381 -1.84618
382 -1.84633
383 -1.84648
384 -1.84663
385 -1.84678
386 -1.84693
387 -1.84708
388 -1.84723
389 -1.84738
390 -1.84752
391 -1.84767
392 -1.84781
393 -1.84796
394 -1.8481
395 -1.84824
396 -1.84839
397 -1.84853
398 -1.84867
399 -1.84881
400 -1.84895
401 -1.84908
402 -1.84922
403 -1.84936
404 -1.8495
405 -1.84963
406 -1.84977
407 -1.8499
408 -1.85003
409 -1.85017
410 -1.8503
411 -1.85043
412 -1.85056
413 -1.85069
414 -1.85082
415 -1.85095
416 -1.85108
417 -1.85121
418 -1.85134
419 -1.85146
420 -1.85159
421 -1.85172
422 -1.85184
423 -1.85197
424 -1.85209
425 -1.85221
426 -1.85234
427 -1.85246
428 -1.85258
429 -1.8527
430 -1.85282
431 -1.85294
432 -1.85306
433 -1.85318
434 -1.8533
435 -1.85342
436 -1.85353
437 -1.85365
438 -1.85377
439 -1.85388
440 -1.854
441 -1.85411
442 -1.85423
443 -1.85434
444 -1.85445
445 -1.85456
446 -1.85468
447 -1.85479
448 -1.8549
449 -1.85501
450 -1.85512
451 -1.85523
452 -1.85534
453 -1.85545
454 -1.85556
455 -1.85566
456 -1.85577
457 -1.85588
458 -1.85598
459 -1.85609
460 -1.8562
461 -1.8563
462 -1.85641
463 -1.85651
464 -1.85661
465 -1.85672
466 -1.85682
467 -1.85692
468 -1.85702
469 -1.85712
470 -1.85723
471 -1.85733
472 -1.85743
473 -1.85753
474 -1.85763
475 -1.85772
476 -1.85782
477 -1.85792
478 -1.85802
479 -1.85812
480 -1.85821
481 -1.85831
482 -1.85841
483 -1.8585
484 -1.8586
485 -1.85869
486 -1.85879
487 -1.85888
488 -1.85897
489 -1.85907
490 -1.85916
491 -1.85925
492 -1.85934
493 -1.85944
494 -1.85953
495 -1.85962
496 -1.85971
497 -1.8598
498 -1.85989
499 -1.85998
500 -1.86007
501 -1.86016
502 -1.86025
503 -1.86034
504 -1.86042
505 -1.86051
506 -1.8606
507 -1.86069
508 -1.86077
509 -1.86086
510 -1.86094
511 -1.86103
512 -1.86111
513 -1.8612
514 -1.86128
515 -1.86137
516 -1.86145
517 -1.86154
518 -1.86162
519 -1.8617
520 -1.86178
521 -1.86187
522 -1.86195
523 -1.86203
524 -1.86211
525 -1.86219
526 -1.86227
527 -1.86235
528 -1.86243
529 -1.86251
530 -1.86259
531 -1.86267
532 -1.86275
533 -1.86283
534 -1.86291
535 -1.86299
536 -1.86307
537 -1.86314
538 -1.86322
539 -1.8633
540 -1.86337
541 -1.86345
542 -1.86353
543 -1.8636
544 -1.86368
545 -1.86375
546 -1.86383
547 -1.8639
548 -1.86398
549 -1.86405
550 -1.86413
551 -1.8642
552 -1.86427
553 -1.86435
554 -1.86442
555 -1.86449
556 -1.86456
557 -1.86464
558 -1.86471
559 -1.86478
560 -1.86485
561 -1.86492
562 -1.86499
563 -1.86506
564 -1.86513
565 -1.8652
566 -1.86527
567 -1.86534
568 -1.86541
569 -1.86548
570 -1.86555
571 -1.86562
572 -1.86569
573 -1.86575
574 -1.86582
575 -1.86589
576 -1.86596
577 -1.86602
578 -1.86609
579 -1.86616
580 -1.86622
581 -1.86629
582 -1.86636
583 -1.86642
584 -1.86649
585 -1.86655
586 -1.86662
587 -1.86668
588 -1.86675
589 -1.86681
590 -1.86688
591 -1.86694
592 -1.86701
593 -1.86707
594 -1.86713
595 -1.8672
596 -1.86726
597 -1.86732
598 -1.86738
599 -1.86745
600 -1.86751
601 -1.86757
602 -1.86763
603 -1.86769
604 -1.86776
605 -1.86782
606 -1.86788
607 -1.86794
608 -1.868
609 -1.86806
610 -1.86812
611 -1.86818
612 -1.86824
613 -1.8683
614 -1.86836
615 -1.86842
616 -1.86848
617 -1.86854
618 -1.86859
619 -1.86865
620 -1.86871
621 -1.86877
622 -1.86883
623 -1.86888
624 -1.86894
625 -1.869
626 -1.86906
627 -1.86911
628 -1.86917
629 -1.86923
630 -1.86928
631 -1.86934
632 -1.8694
633 -1.86945
634 -1.86951
635 -1.86956
636 -1.86962
637 -1.86967
638 -1.86973
639 -1.86978
640 -1.86984
641 -1.86989
642 -1.86995
643 -1.87
644 -1.87005
645 -1.87011
646 -1.87016
647 -1.87022
648 -1.87027
649 -1.87032
650 -1.87038
651 -1.87043
652 -1.87048
653 -1.87053
654 -1.87059
655 -1.87064
656 -1.87069
657 -1.87074
658 -1.87079
659 -1.87085
660 -1.8709
661 -1.87095
662 -1.871
663 -1.87105
664 -1.8711
665 -1.87115
666 -1.8712
667 -1.87125
668 -1.8713
669 -1.87135
670 -1.8714
671 -1.87145
672 -1.8715
673 -1.87155
674 -1.8716
675 -1.87165
676 -1.8717
677 -1.87175
678 -1.8718
679 -1.87185
680 -1.87189
681 -1.87194
682 -1.87199
683 -1.87204
684 -1.87209
685 -1.87213
686 -1.87218
687 -1.87223
688 -1.87228
689 -1.87232
690 -1.87237
691 -1.87242
692 -1.87246
693 -1.87251
694 -1.87256
695 -1.8726
696 -1.87265
697 -1.8727
698 -1.87274
699 -1.87279
700 -1.87283
701 -1.87288
702 -1.87293
703 -1.87297
704 -1.87302
705 -1.87306
706 -1.87311
707 -1.87315
708 -1.8732
709 -1.87324
710 -1.87328
711 -1.87333
712 -1.87337
713 -1.87342
714 -1.87346
715 -1.8735
716 -1.87355
717 -1.87359
718 -1.87364
719 -1.87368
720 -1.87372
721 -1.87377
722 -1.87381
723 -1.87385
724 -1.87389
725 -1.87394
726 -1.87398
727 -1.87402
728 -1.87406
729 -1.87411
730 -1.87415
731 -1.87419
732 -1.87423
733 -1.87427
734 -1.87432
735 -1.87436
736 -1.8744
737 -1.87444
738 -1.87448
739 -1.87452
740 -1.87456
741 -1.8746
742 -1.87464
743 -1.87469
744 -1.87473
745 -1.87477
746 -1.87481
747 -1.87485
748 -1.87489
749 -1.87493
750 -1.87497
751 -1.87501
752 -1.87505
753 -1.87509
754 -1.87513
755 -1.87516
756 -1.8752
757 -1.87524
758 -1.87528
759 -1.87532
760 -1.87536
761 -1.8754
762 -1.87544
763 -1.87548
764 -1.87551
765 -1.87555
766 -1.87559
767 -1.87563
768 -1.87567
769 -1.8757
770 -1.87574
771 -1.87578
772 -1.87582
773 -1.87586
774 -1.87589
775 -1.87593
776 -1.87597
777 -1.876
778 -1.87604
779 -1.87608
780 -1.87612
781 -1.87615
782 -1.87619
783 -1.87623
784 -1.87626
785 -1.8763
786 -1.87634
787 -1.87637
788 -1.87641
789 -1.87644
790 -1.87648
791 -1.87652
792 -1.87655
793 -1.87659
794 -1.87662
795 -1.87666
796 -1.87669
797 -1.87673
798 -1.87676
799 -1.8768
800 -1.87683
801 -1.87687
802 -1.8769
803 -1.87694
804 -1.87697
805 -1.87701
806 -1.87704
807 -1.87708
808 -1.87711
809 -1.87715
810 -1.87718
811 -1.87721
812 -1.87725
813 -1.87728
814 -1.87732
815 -1.87735
816 -1.87738
817 -1.87742
818 -1.87745
819 -1.87748
820 -1.87752
821 -1.87755
822 -1.87758
823 -1.87762
824 -1.87765
825 -1.87768
826 -1.87772
827 -1.87775
828 -1.87778
829 -1.87781
830 -1.87785
831 -1.87788
832 -1.87791
833 -1.87794
834 -1.87798
835 -1.87801
836 -1.87804
837 -1.87807
838 -1.8781
839 -1.87814
840 -1.87817
841 -1.8782
842 -1.87823
843 -1.87826
844 -1.8783
845 -1.87833
846 -1.87836
847 -1.87839
848 -1.87842
849 -1.87845
850 -1.87848
851 -1.87851
852 -1.87854
853 -1.87858
854 -1.87861
855 -1.87864
856 -1.87867
857 -1.8787
858 -1.87873
859 -1.87876
860 -1.87879
861 -1.87882
862 -1.87885
863 -1.87888
864 -1.87891
865 -1.87894
866 -1.87897
867 -1.879
868 -1.87903
869 -1.87906
870 -1.87909
871 -1.87912
872 -1.87915
873 -1.87918
874 -1.87921
875 -1.87924
876 -1.87927
877 -1.8793
878 -1.87932
879 -1.87935
880 -1.87938
881 -1.87941
882 -1.87944
883 -1.87947
884 -1.8795
885 -1.87953
886 -1.87956
887 -1.87958
888 -1.87961
889 -1.87964
890 -1.87967
891 -1.8797
892 -1.87973
893 -1.87975
894 -1.87978
895 -1.87981
896 -1.87984
897 -1.87987
898 -1.87989
899 -1.87992
900 -1.87995
901 -1.87998
902 -1.88
903 -1.88003
904 -1.88006
905 -1.88009
906 -1.88011
907 -1.88014
908 -1.88017
909 -1.8802
910 -1.88022
911 -1.88025
912 -1.88028
913 -1.8803
914 -1.88033
915 -1.88036
916 -1.88038
917 -1.88041
918 -1.88044
919 -1.88046
920 -1.88049
921 -1.88052
922 -1.88054
923 -1.88057
924 -1.8806
925 -1.88062
926 -1.88065
927 -1.88068
928 -1.8807
929 -1.88073
930 -1.88075
931 -1.88078
932 -1.88081
933 -1.88083
934 -1.88086
935 -1.88088
936 -1.88091
937 -1.88093
938 -1.88096
939 -1.88098
940 -1.88101
941 -1.88104
942 -1.88106
943 -1.88109
944 -1.88111
945 -1.88114
946 -1.88116
947 -1.88119
948 -1.88121
949 -1.88124
950 -1.88126
951 -1.88129
952 -1.88131
953 -1.88134
954 -1.88136
955 -1.88139
956 -1.88141
957 -1.88143
958 -1.88146
959 -1.88148
960 -1.88151
961 -1.88153
962 -1.88156
963 -1.88158
964 -1.8816
965 -1.88163
966 -1.88165
967 -1.88168
968 -1.8817
969 -1.88172
970 -1.88175
971 -1.88177
972 -1.8818
973 -1.88182
974 -1.88184
975 -1.88187
976 -1.88189
977 -1.88191
978 -1.88194
979 -1.88196
980 -1.88198
981 -1.88201
982 -1.88203
983 -1.88205
984 -1.88208
985 -1.8821
986 -1.88212
987 -1.88215
988 -1.88217
989 -1.88219
990 -1.88222
991 -1.88224
992 -1.88226
993 -1.88228
994 -1.88231
995 -1.88233
996 -1.88235
997 -1.88238
998 -1.8824
999 -1.88242
