0 0
1 3.68617
2 -767.451
3 -133.829
4 -inf
5 2.22755
6 2.0669
7 1.92036
8 1.78811
9 1.66963
10 1.56375
11 1.4691
12 1.3843
13 1.30809
14 1.23938
15 1.17718
16 1.12068
17 1.06917
18 1.02204
19 0.978783
20 0.938954
21 0.902171
22 0.868107
23 0.836479
24 0.807039
25 0.779572
26 0.753889
27 0.729824
28 0.707232
29 0.685982
30 0.66596
31 0.647063
32 0.629201
33 0.61229
34 0.596259
35 0.58104
36 0.566574
37 0.552806
38 0.539688
39 0.527175
40 0.515226
41 0.503804
42 0.492875
43 0.482408
44 0.472375
45 0.462749
46 0.453506
47 0.444624
48 0.436082
49 0.42786
50 0.419943
51 0.412311
52 0.404952
53 0.39785
54 0.390992
55 0.384366
56 0.37796
57 0.371764
58 0.365767
59 0.35996
60 0.354334
61 0.348881
62 0.343593
63 0.338463
64 0.333483
65 0.328648
66 0.32395
67 0.319384
68 0.314946
69 0.310628
70 0.306428
71 0.302339
72 0.298358
73 0.29448
74 0.290701
75 0.287018
76 0.283428
77 0.279925
78 0.276508
79 0.273174
80 0.269919
81 0.26674
82 0.263635
83 0.260602
84 0.257638
85 0.25474
86 0.251907
87 0.249135
88 0.246425
89 0.243772
90 0.241176
91 0.238634
92 0.236146
93 0.233709
94 0.231321
95 0.228982
96 0.22669
97 0.224443
98 0.22224
99 0.22008
100 0.217961
101 0.215883
102 0.213844
103 0.211843
104 0.20988
105 0.207952
106 0.206059
107 0.204201
108 0.202375
109 0.200582
110 0.198821
111 0.19709
112 0.195389
113 0.193717
114 0.192073
115 0.190458
116 0.188869
117 0.187306
118 0.185769
119 0.184257
120 0.182769
121 0.181305
122 0.179865
123 0.178447
124 0.177051
125 0.175677
126 0.174324
127 0.172992
128 0.17168
129 0.170388
130 0.169115
131 0.16786
132 0.166625
133 0.165407
134 0.164207
135 0.163025
136 0.161859
137 0.16071
138 0.159576
139 0.158459
140 0.157358
141 0.156271
142 0.1552
143 0.154143
144 0.1531
145 0.152071
146 0.151057
147 0.150055
148 0.149067
149 0.148091
150 0.147129
151 0.146179
152 0.14524
153 0.144314
154 0.1434
155 0.142497
156 0.141606
157 0.140725
158 0.139856
159 0.138997
160 0.138148
161 0.13731
162 0.136482
163 0.135664
164 0.134856
165 0.134057
166 0.133267
167 0.132487
168 0.131716
169 0.130954
170 0.130201
171 0.129456
172 0.12872
173 0.127992
174 0.127272
175 0.12656
176 0.125856
177 0.12516
178 0.124472
179 0.123791
180 0.123118
181 0.122451
182 0.121792
183 0.12114
184 0.120495
185 0.119857
186 0.119226
187 0.118601
188 0.117983
189 0.117371
190 0.116765
191 0.116166
192 0.115573
193 0.114985
194 0.114404
195 0.113829
196 0.113259
197 0.112695
198 0.112136
199 0.111584
200 0.111036
201 0.110494
202 0.109957
203 0.109425
204 0.108899
205 0.108377
206 0.107861
207 0.107349
208 0.106842
209 0.10634
210 0.105843
211 0.10535
212 0.104862
213 0.104378
214 0.103899
215 0.103424
216 0.102954
217 0.102487
218 0.102025
219 0.101567
220 0.101114
221 0.100664
222 0.100218
223 0.099776
224 0.099338
225 0.0989039
226 0.0984735
227 0.0980468
228 0.0976238
229 0.0972045
230 0.0967887
231 0.0963765
232 0.0959678
233 0.0955625
234 0.0951607
235 0.0947622
236 0.094367
237 0.0939751
238 0.0935864
239 0.093201
240 0.0928187
241 0.0924395
242 0.0920635
243 0.0916904
244 0.0913204
245 0.0909534
246 0.0905892
247 0.090228
248 0.0898697
249 0.0895142
250 0.0891615
251 0.0888115
252 0.0884644
253 0.0881199
254 0.087778
255 0.0874389
256 0.0871023
257 0.0867683
258 0.0864369
259 0.0861079
260 0.0857815
261 0.0854576
262 0.085136
263 0.0848169
264 0.0845002
265 0.0841858
266 0.0838738
267 0.083564
268 0.0832566
269 0.0829514
270 0.0826484
271 0.0823476
272 0.0820491
273 0.0817526
274 0.0814583
275 0.0811661
276 0.080876
277 0.080588
278 0.080302
279 0.0800181
280 0.0797361
281 0.0794561
282 0.0791781
283 0.078902
284 0.0786278
285 0.0783556
286 0.0780852
287 0.0778166
288 0.07755
289 0.0772851
290 0.077022
291 0.0767607
292 0.0765012
293 0.0762435
294 0.0759874
295 0.0757331
296 0.0754805
297 0.0752295
298 0.0749803
299 0.0747326
300 0.0744866
301 0.0742422
302 0.0739994
303 0.0737582
304 0.0735186
305 0.0732805
306 0.0730439
307 0.0728089
308 0.0725754
309 0.0723434
310 0.0721128
311 0.0718837
312 0.0716561
313 0.0714299
314 0.0712051
315 0.0709817
316 0.0707598
317 0.0705392
318 0.07032
319 0.0701021
320 0.0698856
321 0.0696704
322 0.0694566
323 0.069244
324 0.0690328
325 0.0688228
326 0.0686141
327 0.0684067
328 0.0682005
329 0.0679956
330 0.0677919
331 0.0675894
332 0.0673881
333 0.067188
334 0.0669891
335 0.0667913
336 0.0665948
337 0.0663993
338 0.0662051
339 0.0660119
340 0.0658199
341 0.065629
342 0.0654392
343 0.0652505
344 0.0650629
345 0.0648763
346 0.0646909
347 0.0645064
348 0.0643231
349 0.0641407
350 0.0639594
351 0.0637791
352 0.0635999
353 0.0634216
354 0.0632444
355 0.0630681
356 0.0628928
357 0.0627185
358 0.0625451
359 0.0623727
360 0.0622012
361 0.0620307
362 0.0618611
363 0.0616925
364 0.0615247
365 0.0613579
366 0.061192
367 0.0610269
368 0.0608628
369 0.0606995
370 0.0605371
371 0.0603756
372 0.0602149
373 0.0600551
374 0.0598961
375 0.059738
376 0.0595807
377 0.0594242
378 0.0592686
379 0.0591137
380 0.0589597
381 0.0588065
382 0.058654
383 0.0585024
384 0.0583515
385 0.0582014
386 0.0580521
387 0.0579035
388 0.0577557
389 0.0576087
390 0.0574624
391 0.0573168
392 0.057172
393 0.0570279
394 0.0568846
395 0.0567419
396 0.0566
397 0.0564587
398 0.0563182
399 0.0561784
400 0.0560393
401 0.0559008
402 0.0557631
403 0.055626
404 0.0554896
405 0.0553538
406 0.0552187
407 0.0550843
408 0.0549505
409 0.0548174
410 0.0546849
411 0.0545531
412 0.0544219
413 0.0542913
414 0.0541613
415 0.054032
416 0.0539033
417 0.0537752
418 0.0536477
419 0.0535208
420 0.0533945
421 0.0532688
422 0.0531437
423 0.0530192
424 0.0528952
425 0.0527718
426 0.0526491
427 0.0525268
428 0.0524052
429 0.0522841
430 0.0521636
431 0.0520436
432 0.0519241
433 0.0518053
434 0.0516869
435 0.0515691
436 0.0514519
437 0.0513351
438 0.0512189
439 0.0511032
440 0.0509881
441 0.0508735
442 0.0507593
443 0.0506457
444 0.0505326
445 0.05042
446 0.0503079
447 0.0501963
448 0.0500852
449 0.0499746
450 0.0498644
451 0.0497548
452 0.0496456
453 0.0495369
454 0.0494287
455 0.049321
456 0.0492137
457 0.0491069
458 0.0490006
459 0.0488947
460 0.0487892
461 0.0486843
462 0.0485797
463 0.0484757
464 0.048372
465 0.0482688
466 0.0481661
467 0.0480638
468 0.0479619
469 0.0478605
470 0.0477594
471 0.0476588
472 0.0475587
473 0.0474589
474 0.0473596
475 0.0472607
476 0.0471621
477 0.0470641
478 0.0469664
479 0.0468691
480 0.0467722
481 0.0466757
482 0.0465796
483 0.0464839
484 0.0463886
485 0.0462937
486 0.0461992
487 0.0461051
488 0.0460113
489 0.0459179
490 0.0458249
491 0.0457323
492 0.0456401
493 0.0455482
494 0.0454567
495 0.0453656
496 0.0452748
497 0.0451844
498 0.0450943
499 0.0450046
500 0.0449153
501 0.0448263
502 0.0447377
503 0.0446494
504 0.0445615
505 0.0444739
506 0.0443866
507 0.0442997
508 0.0442132
509 0.044127
510 0.0440411
511 0.0439555
512 0.0438703
513 0.0437854
514 0.0437008
515 0.0436166
516 0.0435327
517 0.0434491
518 0.0433658
519 0.0432828
520 0.0432002
521 0.0431179
522 0.0430359
523 0.0429542
524 0.0428728
525 0.0427917
526 0.0427109
527 0.0426305
528 0.0425503
529 0.0424704
530 0.0423909
531 0.0423116
532 0.0422326
533 0.0421539
534 0.0420756
535 0.0419975
536 0.0419196
537 0.0418421
538 0.0417649
539 0.0416879
540 0.0416113
541 0.0415349
542 0.0414588
543 0.041383
544 0.0413074
545 0.0412321
546 0.0411571
547 0.0410824
548 0.041008
549 0.0409338
550 0.0408599
551 0.0407862
552 0.0407128
553 0.0406397
554 0.0405668
555 0.0404942
556 0.0404219
557 0.0403498
558 0.040278
559 0.0402064
560 0.0401351
561 0.040064
562 0.0399932
563 0.0399226
564 0.0398523
565 0.0397823
566 0.0397124
567 0.0396429
568 0.0395735
569 0.0395044
570 0.0394356
571 0.039367
572 0.0392986
573 0.0392305
574 0.0391626
575 0.0390949
576 0.0390275
577 0.0389603
578 0.0388933
579 0.0388266
580 0.03876
581 0.0386938
582 0.0386277
583 0.0385619
584 0.0384963
585 0.0384309
586 0.0383657
587 0.0383008
588 0.0382361
589 0.0381715
590 0.0381073
591 0.0380432
592 0.0379793
593 0.0379157
594 0.0378523
595 0.037789
596 0.037726
597 0.0376632
598 0.0376006
599 0.0375383
600 0.0374761
601 0.0374141
602 0.0373524
603 0.0372908
604 0.0372294
605 0.0371683
606 0.0371073
607 0.0370466
608 0.036986
609 0.0369257
610 0.0368655
611 0.0368055
612 0.0367458
613 0.0366862
614 0.0366268
615 0.0365676
616 0.0365086
617 0.0364498
618 0.0363912
619 0.0363327
620 0.0362745
621 0.0362164
622 0.0361585
623 0.0361009
624 0.0360433
625 0.035986
626 0.0359289
627 0.0358719
628 0.0358151
629 0.0357585
630 0.0357021
631 0.0356459
632 0.0355898
633 0.0355339
634 0.0354782
635 0.0354227
636 0.0353673
637 0.0353121
638 0.0352571
639 0.0352022
640 0.0351475
641 0.035093
642 0.0350387
643 0.0349845
644 0.0349305
645 0.0348766
646 0.034823
647 0.0347695
648 0.0347161
649 0.0346629
650 0.0346099
651 0.034557
652 0.0345044
653 0.0344518
654 0.0343994
655 0.0343472
656 0.0342952
657 0.0342433
658 0.0341915
659 0.0341399
660 0.0340885
661 0.0340372
662 0.0339861
663 0.0339351
664 0.0338843
665 0.0338336
666 0.0337831
667 0.0337327
668 0.0336825
669 0.0336325
670 0.0335825
671 0.0335328
672 0.0334832
673 0.0334337
674 0.0333843
675 0.0333352
676 0.0332861
677 0.0332372
678 0.0331885
679 0.0331399
680 0.0330914
681 0.0330431
682 0.0329949
683 0.0329468
684 0.0328989
685 0.0328512
686 0.0328035
687 0.0327561
688 0.0327087
689 0.0326615
690 0.0326144
691 0.0325675
692 0.0325207
693 0.032474
694 0.0324274
695 0.032381
696 0.0323348
697 0.0322886
698 0.0322426
699 0.0321967
700 0.032151
701 0.0321054
702 0.0320599
703 0.0320145
704 0.0319693
705 0.0319242
706 0.0318792
707 0.0318343
708 0.0317896
709 0.031745
710 0.0317005
711 0.0316562
712 0.031612
713 0.0315679
714 0.0315239
715 0.03148
716 0.0314363
717 0.0313927
718 0.0313492
719 0.0313058
720 0.0312625
721 0.0312194
722 0.0311764
723 0.0311335
724 0.0310907
725 0.031048
726 0.0310055
727 0.0309631
728 0.0309208
729 0.0308786
730 0.0308365
731 0.0307945
732 0.0307527
733 0.0307109
734 0.0306693
735 0.0306278
736 0.0305864
737 0.0305451
738 0.0305039
739 0.0304628
740 0.0304219
741 0.030381
742 0.0303403
743 0.0302997
744 0.0302591
745 0.0302187
746 0.0301784
747 0.0301382
748 0.0300981
749 0.0300582
750 0.0300183
751 0.0299785
752 0.0299388
753 0.0298993
754 0.0298598
755 0.0298205
756 0.0297812
757 0.0297421
758 0.029703
759 0.0296641
760 0.0296252
761 0.0295865
762 0.0295479
763 0.0295093
764 0.0294709
765 0.0294326
766 0.0293943
767 0.0293562
768 0.0293181
769 0.0292802
770 0.0292424
771 0.0292046
772 0.029167
773 0.0291294
774 0.029092
775 0.0290546
776 0.0290174
777 0.0289802
778 0.0289431
779 0.0289061
780 0.0288693
781 0.0288325
782 0.0287958
783 0.0287592
784 0.0287227
785 0.0286863
786 0.0286499
787 0.0286137
788 0.0285776
789 0.0285415
790 0.0285056
791 0.0284697
792 0.0284339
793 0.0283982
794 0.0283626
795 0.0283271
796 0.0282917
797 0.0282564
798 0.0282211
799 0.028186
800 0.0281509
801 0.0281159
802 0.028081
803 0.0280462
804 0.0280115
805 0.0279769
806 0.0279423
807 0.0279079
808 0.0278735
809 0.0278392
810 0.027805
811 0.0277708
812 0.0277368
813 0.0277028
814 0.027669
815 0.0276352
816 0.0276015
817 0.0275678
818 0.0275343
819 0.0275008
820 0.0274674
821 0.0274341
822 0.0274009
823 0.0273678
824 0.0273347
825 0.0273017
826 0.0272688
827 0.027236
828 0.0272032
829 0.0271706
830 0.027138
831 0.0271055
832 0.027073
833 0.0270407
834 0.0270084
835 0.0269762
836 0.0269441
837 0.026912
838 0.0268801
839 0.0268482
840 0.0268164
841 0.0267846
842 0.0267529
843 0.0267214
844 0.0266898
845 0.0266584
846 0.026627
847 0.0265957
848 0.0265645
849 0.0265333
850 0.0265023
851 0.0264713
852 0.0264403
853 0.0264095
854 0.0263787
855 0.026348
856 0.0263173
857 0.0262867
858 0.0262562
859 0.0262258
860 0.0261954
861 0.0261651
862 0.0261349
863 0.0261048
864 0.0260747
865 0.0260447
866 0.0260147
867 0.0259849
868 0.025955
869 0.0259253
870 0.0258956
871 0.025866
872 0.0258365
873 0.025807
874 0.0257776
875 0.0257483
876 0.025719
877 0.0256898
878 0.0256607
879 0.0256316
880 0.0256026
881 0.0255737
882 0.0255448
883 0.025516
884 0.0254873
885 0.0254586
886 0.02543
887 0.0254014
888 0.0253729
889 0.0253445
890 0.0253162
891 0.0252879
892 0.0252596
893 0.0252315
894 0.0252034
895 0.0251753
896 0.0251473
897 0.0251194
898 0.0250916
899 0.0250638
900 0.025036
901 0.0250084
902 0.0249808
903 0.0249532
904 0.0249257
905 0.0248983
906 0.0248709
907 0.0248436
908 0.0248164
909 0.0247892
910 0.024762
911 0.024735
912 0.024708
913 0.024681
914 0.0246541
915 0.0246273
916 0.0246005
917 0.0245738
918 0.0245471
919 0.0245205
920 0.024494
921 0.0244675
922 0.0244411
923 0.0244147
924 0.0243884
925 0.0243621
926 0.0243359
927 0.0243098
928 0.0242837
929 0.0242577
930 0.0242317
931 0.0242057
932 0.0241799
933 0.0241541
934 0.0241283
935 0.0241026
936 0.024077
937 0.0240514
938 0.0240258
939 0.0240003
940 0.0239749
941 0.0239495
942 0.0239242
943 0.0238989
944 0.0238737
945 0.0238486
946 0.0238235
947 0.0237984
948 0.0237734
949 0.0237484
950 0.0237235
951 0.0236987
952 0.0236739
953 0.0236492
954 0.0236245
955 0.0235998
956 0.0235752
957 0.0235507
958 0.0235262
959 0.0235018
960 0.0234774
961 0.023453
962 0.0234288
963 0.0234045
964 0.0233803
965 0.0233562
966 0.0233321
967 0.0233081
968 0.0232841
969 0.0232602
970 0.0232363
971 0.0232124
972 0.0231887
973 0.0231649
974 0.0231412
975 0.0231176
976 0.023094
977 0.0230704
978 0.0230469
979 0.0230235
980 0.0230001
981 0.0229767
982 0.0229534
983 0.0229302
984 0.0229069
985 0.0228838
986 0.0228607
987 0.0228376
988 0.0228146
989 0.0227916
990 0.0227686
991 0.0227457
992 0.0227229
993 0.0227001
994 0.0226774
995 0.0226547
996 0.022632
997 0.0226094
998 0.0225868
999 0.0225643
