0.000000 0.000000
0.001000 0.010000
0.002000 0.020000
0.003000 0.030000
0.004000 0.040000
0.005000 0.050000
0.006000 0.060000
0.007000 0.070000
0.008000 0.080000
0.009000 0.090000
0.010000 0.100000
0.011000 0.110000
0.012000 0.120000
0.013000 0.129999
0.014000 0.139999
0.015000 0.149999
0.016000 0.159999
0.017000 0.169998
0.018000 0.179998
0.019000 0.189997
0.020000 0.199996
0.021000 0.209996
0.022000 0.219995
0.023000 0.229994
0.024000 0.239992
0.025000 0.249991
0.026000 0.259990
0.027000 0.269988
0.028000 0.279986
0.029000 0.289984
0.030000 0.299982
0.031000 0.309979
0.032000 0.319976
0.033000 0.329973
0.034000 0.339969
0.035000 0.349966
0.036000 0.359962
0.037000 0.369957
0.038000 0.379952
0.039000 0.389947
0.040000 0.399941
0.041000 0.409935
0.042000 0.419928
0.043000 0.429921
0.044000 0.439914
0.045000 0.449905
0.046000 0.459897
0.047000 0.469887
0.048000 0.479877
0.049000 0.489867
0.050000 0.499855
0.051000 0.509843
0.052000 0.519830
0.053000 0.529817
0.054000 0.539802
0.055000 0.549787
0.056000 0.559771
0.057000 0.569753
0.058000 0.579735
0.059000 0.589716
0.060000 0.599696
0.061000 0.609675
0.062000 0.619652
0.063000 0.629629
0.064000 0.639604
0.065000 0.649578
0.066000 0.659551
0.067000 0.669523
0.068000 0.679493
0.069000 0.689461
0.070000 0.699429
0.071000 0.709394
0.072000 0.719358
0.073000 0.729321
0.074000 0.739282
0.075000 0.749241
0.076000 0.759199
0.077000 0.769154
0.078000 0.779108
0.079000 0.789060
0.080000 0.799010
0.081000 0.808957
0.082000 0.818903
0.083000 0.828847
0.084000 0.838788
0.085000 0.848727
0.086000 0.858663
0.087000 0.868598
0.088000 0.878529
0.089000 0.888458
0.090000 0.898385
0.091000 0.908309
0.092000 0.918230
0.093000 0.928148
0.094000 0.938063
0.095000 0.947975
0.096000 0.957884
0.097000 0.967790
0.098000 0.977693
0.099000 0.987593
0.100000 0.997489
0.101000 1.007381
0.102000 1.017270
0.103000 1.027155
0.104000 1.037037
0.105000 1.046914
0.106000 1.056788
0.107000 1.066658
0.108000 1.076523
0.109000 1.086385
0.110000 1.096242
0.111000 1.106094
0.112000 1.115942
0.113000 1.125786
0.114000 1.135624
0.115000 1.145458
0.116000 1.155287
0.117000 1.165111
0.118000 1.174929
0.119000 1.184742
0.120000 1.194550
0.121000 1.204352
0.122000 1.214149
0.123000 1.223940
0.124000 1.233725
0.125000 1.243504
0.126000 1.253276
0.127000 1.263042
0.128000 1.272802
0.129000 1.282556
0.130000 1.292302
0.131000 1.302042
0.132000 1.311774
0.133000 1.321500
0.134000 1.331218
0.135000 1.340928
0.136000 1.350631
0.137000 1.360326
0.138000 1.370014
0.139000 1.379693
0.140000 1.389364
0.141000 1.399026
0.142000 1.408680
0.143000 1.418325
0.144000 1.427961
0.145000 1.437588
0.146000 1.447206
0.147000 1.456814
0.148000 1.466413
0.149000 1.476002
0.150000 1.485581
0.151000 1.495149
0.152000 1.504707
0.153000 1.514255
0.154000 1.523791
0.155000 1.533317
0.156000 1.542831
0.157000 1.552334
0.158000 1.561825
0.159000 1.571304
0.160000 1.580771
0.161000 1.590226
0.162000 1.599668
0.163000 1.609097
0.164000 1.618514
0.165000 1.627917
0.166000 1.637306
0.167000 1.646682
0.168000 1.656044
0.169000 1.665391
0.170000 1.674724
0.171000 1.684042
0.172000 1.693346
0.173000 1.702634
0.174000 1.711906
0.175000 1.721162
0.176000 1.730403
0.177000 1.739627
0.178000 1.748834
0.179000 1.758024
0.180000 1.767197
0.181000 1.776353
0.182000 1.785491
0.183000 1.794610
0.184000 1.803711
0.185000 1.812794
0.186000 1.821857
0.187000 1.830901
0.188000 1.839925
0.189000 1.848929
0.190000 1.857912
0.191000 1.866875
0.192000 1.875817
0.193000 1.884738
0.194000 1.893637
0.195000 1.902513
0.196000 1.911367
0.197000 1.920199
0.198000 1.929007
0.199000 1.937792
0.200000 1.946553
0.201000 1.955289
0.202000 1.964001
0.203000 1.972688
0.204000 1.981350
0.205000 1.989986
0.206000 1.998595
0.207000 2.007178
0.208000 2.015734
0.209000 2.024262
0.210000 2.032763
0.211000 2.041236
0.212000 2.049679
0.213000 2.058094
0.214000 2.066479
0.215000 2.074834
0.216000 2.083159
0.217000 2.091453
0.218000 2.099716
0.219000 2.107947
0.220000 2.116146
0.221000 2.124312
0.222000 2.132445
0.223000 2.140545
0.224000 2.148610
0.225000 2.156642
0.226000 2.164638
0.227000 2.172598
0.228000 2.180523
0.229000 2.188411
0.230000 2.196263
0.231000 2.204077
0.232000 2.211853
0.233000 2.219591
0.234000 2.227290
0.235000 2.234949
0.236000 2.242568
0.237000 2.250147
0.238000 2.257685
0.239000 2.265182
0.240000 2.272636
0.241000 2.280048
0.242000 2.287417
0.243000 2.294743
0.244000 2.302024
0.245000 2.309260
0.246000 2.316452
0.247000 2.323597
0.248000 2.330696
0.249000 2.337749
0.250000 2.344753
0.251000 2.351710
0.252000 2.358619
0.253000 2.365478
0.254000 2.372288
0.255000 2.379047
0.256000 2.385756
0.257000 2.392413
0.258000 2.399019
0.259000 2.405572
0.260000 2.412072
0.261000 2.418518
0.262000 2.424910
0.263000 2.431247
0.264000 2.437530
0.265000 2.443756
0.266000 2.449925
0.267000 2.456038
0.268000 2.462093
0.269000 2.468090
0.270000 2.474028
0.271000 2.479907
0.272000 2.485726
0.273000 2.491485
0.274000 2.497182
0.275000 2.502818
0.276000 2.508392
0.277000 2.513903
0.278000 2.519351
0.279000 2.524735
0.280000 2.530054
0.281000 2.535309
0.282000 2.540498
0.283000 2.545620
0.284000 2.550677
0.285000 2.555666
0.286000 2.560587
0.287000 2.565441
0.288000 2.570225
0.289000 2.574940
0.290000 2.579586
0.291000 2.584161
0.292000 2.588665
0.293000 2.593098
0.294000 2.597458
0.295000 2.601747
0.296000 2.605962
0.297000 2.610104
0.298000 2.614173
0.299000 2.618167
0.300000 2.622086
0.301000 2.625929
0.302000 2.629697
0.303000 2.633389
0.304000 2.637004
0.305000 2.640542
0.306000 2.644002
0.307000 2.647385
0.308000 2.650689
0.309000 2.653914
0.310000 2.657060
0.311000 2.660126
0.312000 2.663113
0.313000 2.666018
0.314000 2.668844
0.315000 2.671588
0.316000 2.674250
0.317000 2.676831
0.318000 2.679329
0.319000 2.681745
0.320000 2.684078
0.321000 2.686328
0.322000 2.688495
0.323000 2.690578
0.324000 2.692577
0.325000 2.694492
0.326000 2.696322
0.327000 2.698068
0.328000 2.699728
0.329000 2.701303
0.330000 2.702793
0.331000 2.704198
0.332000 2.705516
0.333000 2.706749
0.334000 2.707895
0.335000 2.708955
0.336000 2.709929
0.337000 2.710816
0.338000 2.711616
0.339000 2.712329
0.340000 2.712956
0.341000 2.713495
0.342000 2.713948
0.343000 2.714313
0.344000 2.714591
0.345000 2.714782
0.346000 2.714886
0.347000 2.714902
0.348000 2.714831
0.349000 2.714673
0.350000 2.714427
0.351000 2.714095
0.352000 2.713675
0.353000 2.713168
0.354000 2.712574
0.355000 2.711893
0.356000 2.711126
0.357000 2.710271
0.358000 2.709330
0.359000 2.708302
0.360000 2.707188
0.361000 2.705988
0.362000 2.704702
0.363000 2.703330
0.364000 2.701872
0.365000 2.700329
0.366000 2.698700
0.367000 2.696986
0.368000 2.695188
0.369000 2.693305
0.370000 2.691337
0.371000 2.689286
0.372000 2.687150
0.373000 2.684932
0.374000 2.682630
0.375000 2.680245
0.376000 2.677777
0.377000 2.675227
0.378000 2.672595
0.379000 2.669882
0.380000 2.667087
0.381000 2.664211
0.382000 2.661255
0.383000 2.658219
0.384000 2.655103
0.385000 2.651907
0.386000 2.648633
0.387000 2.645280
0.388000 2.641848
0.389000 2.638339
0.390000 2.634753
0.391000 2.631090
0.392000 2.627351
0.393000 2.623535
0.394000 2.619644
0.395000 2.615679
0.396000 2.611638
0.397000 2.607524
0.398000 2.603336
0.399000 2.599074
0.400000 2.594741
0.401000 2.590335
0.402000 2.585857
0.403000 2.581309
0.404000 2.576690
0.405000 2.572001
0.406000 2.567242
0.407000 2.562415
0.408000 2.557519
0.409000 2.552555
0.410000 2.547524
0.411000 2.542426
0.412000 2.537261
0.413000 2.532031
0.414000 2.526736
0.415000 2.521376
0.416000 2.515952
0.417000 2.510465
0.418000 2.504915
0.419000 2.499302
0.420000 2.493628
0.421000 2.487892
0.422000 2.482096
0.423000 2.476239
0.424000 2.470323
0.425000 2.464348
0.426000 2.458315
0.427000 2.452224
0.428000 2.446075
0.429000 2.439870
0.430000 2.433609
0.431000 2.427292
0.432000 2.420920
0.433000 2.414494
0.434000 2.408014
0.435000 2.401481
0.436000 2.394895
0.437000 2.388257
0.438000 2.381568
0.439000 2.374827
0.440000 2.368037
0.441000 2.361196
0.442000 2.354306
0.443000 2.347367
0.444000 2.340380
0.445000 2.333345
0.446000 2.326264
0.447000 2.319136
0.448000 2.311961
0.449000 2.304742
0.450000 2.297477
0.451000 2.290169
0.452000 2.282816
0.453000 2.275420
0.454000 2.267981
0.455000 2.260500
0.456000 2.252978
0.457000 2.245414
0.458000 2.237810
0.459000 2.230165
0.460000 2.222481
0.461000 2.214758
0.462000 2.206996
0.463000 2.199197
0.464000 2.191359
0.465000 2.183485
0.466000 2.175573
0.467000 2.167626
0.468000 2.159643
0.469000 2.151625
0.470000 2.143572
0.471000 2.135485
0.472000 2.127365
0.473000 2.119211
0.474000 2.111024
0.475000 2.102805
0.476000 2.094554
0.477000 2.086272
0.478000 2.077959
0.479000 2.069615
0.480000 2.061241
0.481000 2.052837
0.482000 2.044404
0.483000 2.035942
0.484000 2.027452
0.485000 2.018934
0.486000 2.010389
0.487000 2.001816
0.488000 1.993216
0.489000 1.984590
0.490000 1.975938
0.491000 1.967261
0.492000 1.958558
0.493000 1.949831
0.494000 1.941079
0.495000 1.932303
0.496000 1.923504
0.497000 1.914681
0.498000 1.905835
0.499000 1.896967
0.500000 1.888076
0.501000 1.879164
0.502000 1.870230
0.503000 1.861275
0.504000 1.852299
0.505000 1.843302
0.506000 1.834286
0.507000 1.825249
0.508000 1.816193
0.509000 1.807118
0.510000 1.798024
0.511000 1.788911
0.512000 1.779781
0.513000 1.770632
0.514000 1.761465
0.515000 1.752281
0.516000 1.743080
0.517000 1.733863
0.518000 1.724628
0.519000 1.715378
0.520000 1.706111
0.521000 1.696829
0.522000 1.687532
0.523000 1.678219
0.524000 1.668892
0.525000 1.659550
0.526000 1.650193
0.527000 1.640823
0.528000 1.631438
0.529000 1.622040
0.530000 1.612629
0.531000 1.603204
0.532000 1.593767
0.533000 1.584317
0.534000 1.574854
0.535000 1.565380
0.536000 1.555893
0.537000 1.546395
0.538000 1.536885
0.539000 1.527363
0.540000 1.517831
0.541000 1.508287
0.542000 1.498733
0.543000 1.489169
0.544000 1.479594
0.545000 1.470009
0.546000 1.460414
0.547000 1.450809
0.548000 1.441195
0.549000 1.431571
0.550000 1.421939
0.551000 1.412297
0.552000 1.402646
0.553000 1.392987
0.554000 1.383319
0.555000 1.373643
0.556000 1.363959
0.557000 1.354266
0.558000 1.344566
0.559000 1.334859
0.560000 1.325143
0.561000 1.315421
0.562000 1.305691
0.563000 1.295954
0.564000 1.286210
0.565000 1.276459
0.566000 1.266702
0.567000 1.256938
0.568000 1.247167
0.569000 1.237391
0.570000 1.227608
0.571000 1.217820
0.572000 1.208025
0.573000 1.198225
0.574000 1.188420
0.575000 1.178608
0.576000 1.168792
0.577000 1.158970
0.578000 1.149143
0.579000 1.139311
0.580000 1.129474
0.581000 1.119633
0.582000 1.109787
0.583000 1.099936
0.584000 1.090080
0.585000 1.080221
0.586000 1.070357
0.587000 1.060489
0.588000 1.050616
0.589000 1.040740
0.590000 1.030860
0.591000 1.020976
0.592000 1.011089
0.593000 1.001197
0.594000 0.991303
0.595000 0.981404
0.596000 0.971503
0.597000 0.961598
0.598000 0.951690
0.599000 0.941779
0.600000 0.931865
0.601000 0.921948
0.602000 0.912028
0.603000 0.902105
0.604000 0.892180
0.605000 0.882251
0.606000 0.872321
0.607000 0.862388
0.608000 0.852452
0.609000 0.842514
0.610000 0.832573
0.611000 0.822631
0.612000 0.812686
0.613000 0.802739
0.614000 0.792790
0.615000 0.782839
0.616000 0.772886
0.617000 0.762931
0.618000 0.752974
0.619000 0.743016
0.620000 0.733056
0.621000 0.723094
0.622000 0.713130
0.623000 0.703165
0.624000 0.693198
0.625000 0.683230
0.626000 0.673261
0.627000 0.663290
0.628000 0.653317
0.629000 0.643344
0.630000 0.633369
0.631000 0.623393
0.632000 0.613415
0.633000 0.603437
0.634000 0.593457
0.635000 0.583477
0.636000 0.573495
0.637000 0.563513
0.638000 0.553529
0.639000 0.543545
0.640000 0.533560
0.641000 0.523574
0.642000 0.513587
0.643000 0.503599
0.644000 0.493611
0.645000 0.483622
0.646000 0.473632
0.647000 0.463642
0.648000 0.453651
0.649000 0.443659
0.650000 0.433667
0.651000 0.423675
0.652000 0.413682
0.653000 0.403688
0.654000 0.393694
0.655000 0.383699
0.656000 0.373704
0.657000 0.363709
0.658000 0.353713
0.659000 0.343717
0.660000 0.333721
0.661000 0.323724
0.662000 0.313727
0.663000 0.303730
0.664000 0.293732
0.665000 0.283734
0.666000 0.273736
0.667000 0.263738
0.668000 0.253739
0.669000 0.243741
0.670000 0.233742
0.671000 0.223743
0.672000 0.213744
0.673000 0.203745
0.674000 0.193746
0.675000 0.183746
0.676000 0.173747
0.677000 0.163747
0.678000 0.153748
0.679000 0.143748
0.680000 0.133748
0.681000 0.123748
0.682000 0.113748
0.683000 0.103749
0.684000 0.093749
0.685000 0.083749
0.686000 0.073749
0.687000 0.063749
0.688000 0.053749
0.689000 0.043749
0.690000 0.033749
0.691000 0.023749
0.692000 0.013749
0.693000 0.003749
0.694000 -0.006251
0.695000 -0.016251
0.696000 -0.026251
0.697000 -0.036251
0.698000 -0.046251
0.699000 -0.056251
0.700000 -0.066251
0.701000 -0.076251
0.702000 -0.086251
0.703000 -0.096251
0.704000 -0.106251
0.705000 -0.116251
0.706000 -0.126252
0.707000 -0.136252
0.708000 -0.146252
0.709000 -0.156252
0.710000 -0.166253
0.711000 -0.176253
0.712000 -0.186254
0.713000 -0.196254
0.714000 -0.206255
0.715000 -0.216256
0.716000 -0.226257
0.717000 -0.236258
0.718000 -0.246259
0.719000 -0.256261
0.720000 -0.266262
0.721000 -0.276264
0.722000 -0.286266
0.723000 -0.296269
0.724000 -0.306271
0.725000 -0.316274
0.726000 -0.326277
0.727000 -0.336280
0.728000 -0.346284
0.729000 -0.356288
0.730000 -0.366292
0.731000 -0.376297
0.732000 -0.386302
0.733000 -0.396308
0.734000 -0.406314
0.735000 -0.416320
0.736000 -0.426327
0.737000 -0.436335
0.738000 -0.446343
0.739000 -0.456351
0.740000 -0.466360
0.741000 -0.476370
0.742000 -0.486381
0.743000 -0.496392
0.744000 -0.506403
0.745000 -0.516416
0.746000 -0.526429
0.747000 -0.536444
0.748000 -0.546459
0.749000 -0.556474
0.750000 -0.566491
0.751000 -0.576509
0.752000 -0.586528
0.753000 -0.596547
0.754000 -0.606568
0.755000 -0.616590
0.756000 -0.626613
0.757000 -0.636638
0.758000 -0.646663
0.759000 -0.656690
0.760000 -0.666718
0.761000 -0.676747
0.762000 -0.686778
0.763000 -0.696810
0.764000 -0.706844
0.765000 -0.716879
0.766000 -0.726916
0.767000 -0.736955
0.768000 -0.746995
0.769000 -0.757037
0.770000 -0.767081
0.771000 -0.777127
0.772000 -0.787174
0.773000 -0.797224
0.774000 -0.807276
0.775000 -0.817329
0.776000 -0.827385
0.777000 -0.837443
0.778000 -0.847504
0.779000 -0.857566
0.780000 -0.867632
0.781000 -0.877699
0.782000 -0.887769
0.783000 -0.897842
0.784000 -0.907918
0.785000 -0.917996
0.786000 -0.928077
0.787000 -0.938161
0.788000 -0.948248
0.789000 -0.958338
0.790000 -0.968432
0.791000 -0.978528
0.792000 -0.988628
0.793000 -0.998731
0.794000 -1.008838
0.795000 -1.018948
0.796000 -1.029063
0.797000 -1.039180
0.798000 -1.049302
0.799000 -1.059428
0.800000 -1.069558
0.801000 -1.079692
0.802000 -1.089830
0.803000 -1.099972
0.804000 -1.110119
0.805000 -1.120271
0.806000 -1.130427
0.807000 -1.140588
0.808000 -1.150754
0.809000 -1.160925
0.810000 -1.171102
0.811000 -1.181283
0.812000 -1.191470
0.813000 -1.201662
0.814000 -1.211860
0.815000 -1.222064
0.816000 -1.232274
0.817000 -1.242489
0.818000 -1.252711
0.819000 -1.262939
0.820000 -1.273174
0.821000 -1.283415
0.822000 -1.293663
0.823000 -1.303918
0.824000 -1.314180
0.825000 -1.324449
0.826000 -1.334726
0.827000 -1.345010
0.828000 -1.355301
0.829000 -1.365601
0.830000 -1.375908
0.831000 -1.386224
0.832000 -1.396548
0.833000 -1.406881
0.834000 -1.417223
0.835000 -1.427573
0.836000 -1.437933
0.837000 -1.448301
0.838000 -1.458680
0.839000 -1.469068
0.840000 -1.479466
0.841000 -1.489874
0.842000 -1.500292
0.843000 -1.510721
0.844000 -1.521161
0.845000 -1.531611
0.846000 -1.542073
0.847000 -1.552546
0.848000 -1.563031
0.849000 -1.573528
0.850000 -1.584037
0.851000 -1.594559
0.852000 -1.605093
0.853000 -1.615640
0.854000 -1.626201
0.855000 -1.636774
0.856000 -1.647362
0.857000 -1.657964
0.858000 -1.668580
0.859000 -1.679210
0.860000 -1.689856
0.861000 -1.700516
0.862000 -1.711192
0.863000 -1.721884
0.864000 -1.732593
0.865000 -1.743317
0.866000 -1.754058
0.867000 -1.764817
0.868000 -1.775593
0.869000 -1.786387
0.870000 -1.797198
0.871000 -1.808029
0.872000 -1.818878
0.873000 -1.829747
0.874000 -1.840635
0.875000 -1.851544
0.876000 -1.862473
0.877000 -1.873423
0.878000 -1.884394
0.879000 -1.895387
0.880000 -1.906402
0.881000 -1.917439
0.882000 -1.928500
0.883000 -1.939584
0.884000 -1.950692
0.885000 -1.961825
0.886000 -1.972982
0.887000 -1.984165
0.888000 -1.995374
0.889000 -2.006609
0.890000 -2.017872
0.891000 -2.029161
0.892000 -2.040479
0.893000 -2.051826
0.894000 -2.063201
0.895000 -2.074607
0.896000 -2.086043
0.897000 -2.097509
0.898000 -2.109008
0.899000 -2.120538
0.900000 -2.132102
0.901000 -2.143699
0.902000 -2.155330
0.903000 -2.166996
0.904000 -2.178698
0.905000 -2.190436
0.906000 -2.202211
0.907000 -2.214024
0.908000 -2.225875
0.909000 -2.237766
0.910000 -2.249697
0.911000 -2.261669
0.912000 -2.273682
0.913000 -2.285738
0.914000 -2.297838
0.915000 -2.309982
0.916000 -2.322171
0.917000 -2.334407
0.918000 -2.346690
0.919000 -2.359020
0.920000 -2.371400
0.921000 -2.383830
0.922000 -2.396312
0.923000 -2.408845
0.924000 -2.421432
0.925000 -2.434073
0.926000 -2.446770
0.927000 -2.459523
0.928000 -2.472335
0.929000 -2.485206
0.930000 -2.498137
0.931000 -2.511129
0.932000 -2.524185
0.933000 -2.537305
0.934000 -2.550491
0.935000 -2.563744
0.936000 -2.577066
0.937000 -2.590457
0.938000 -2.603920
0.939000 -2.617457
0.940000 -2.631068
0.941000 -2.644755
0.942000 -2.658521
0.943000 -2.672366
0.944000 -2.686293
0.945000 -2.700304
0.946000 -2.714400
0.947000 -2.728583
0.948000 -2.742855
0.949000 -2.757218
0.950000 -2.771675
0.951000 -2.786227
0.952000 -2.800876
0.953000 -2.815626
0.954000 -2.830478
0.955000 -2.845434
0.956000 -2.860498
0.957000 -2.875671
0.958000 -2.890957
0.959000 -2.906357
0.960000 -2.921875
0.961000 -2.937514
0.962000 -2.953277
0.963000 -2.969166
0.964000 -2.985184
0.965000 -3.001336
0.966000 -3.017624
0.967000 -3.034051
0.968000 -3.050622
0.969000 -3.067340
0.970000 -3.084208
0.971000 -3.101231
0.972000 -3.118413
0.973000 -3.135758
0.974000 -3.153270
0.975000 -3.170953
0.976000 -3.188813
0.977000 -3.206854
0.978000 -3.225082
0.979000 -3.243500
0.980000 -3.262116
0.981000 -3.280933
0.982000 -3.299959
0.983000 -3.319199
0.984000 -3.338658
0.985000 -3.358345
0.986000 -3.378265
0.987000 -3.398425
0.988000 -3.418833
0.989000 -3.439496
0.990000 -3.460423
0.991000 -3.481621
0.992000 -3.503099
0.993000 -3.524866
0.994000 -3.546931
0.995000 -3.569305
0.996000 -3.591997
0.997000 -3.615018
0.998000 -3.638379
0.999000 -3.662092
1.000000 -3.686170
