0.010000 -4.555709
0.020000 -4.535559
0.030000 -4.515309
0.040000 -4.494959
0.050000 -4.474509
0.060000 -4.453959
0.070000 -4.433308
0.080000 -4.412557
0.090000 -4.391706
0.100000 -4.370754
0.110000 -4.349702
0.120000 -4.328549
0.130000 -4.307295
0.140000 -4.285939
0.150000 -4.264483
0.160000 -4.242924
0.170000 -4.221264
0.180000 -4.199501
0.190000 -4.177636
0.200000 -4.155668
0.210000 -4.133597
0.220000 -4.111422
0.230000 -4.089143
0.240000 -4.066759
0.250000 -4.044270
0.260000 -4.021676
0.270000 -3.998975
0.280000 -3.976167
0.290000 -3.953251
0.300000 -3.930227
0.310000 -3.907093
0.320000 -3.883849
0.330000 -3.860495
0.340000 -3.837028
0.350000 -3.813448
0.360000 -3.789755
0.370000 -3.765946
0.380000 -3.742020
0.390000 -3.717977
0.400000 -3.693815
0.410000 -3.669533
0.420000 -3.645129
0.430000 -3.620601
0.440000 -3.595948
0.450000 -3.571168
0.460000 -3.546259
0.470000 -3.521220
0.480000 -3.496048
0.490000 -3.470741
0.500000 -3.445297
0.510000 -3.419714
0.520000 -3.393989
0.530000 -3.368120
0.540000 -3.342104
0.550000 -3.315938
0.560000 -3.289620
0.570000 -3.263146
0.580000 -3.236513
0.590000 -3.209718
0.600000 -3.182758
0.610000 -3.155628
0.620000 -3.128325
0.630000 -3.100845
0.640000 -3.073185
0.650000 -3.045339
0.660000 -3.017304
0.670000 -2.989075
0.680000 -2.960646
0.690000 -2.932014
0.700000 -2.903172
0.710000 -2.874116
0.720000 -2.844840
0.730000 -2.815338
0.740000 -2.785605
0.750000 -2.755633
0.760000 -2.725416
0.770000 -2.694948
0.780000 -2.664222
0.790000 -2.633230
0.800000 -2.601965
0.810000 -2.570419
0.820000 -2.538584
0.830000 -2.506451
0.840000 -2.474013
0.850000 -2.441260
0.860000 -2.408182
0.870000 -2.374770
0.880000 -2.341015
0.890000 -2.306905
0.900000 -2.272430
0.910000 -2.237579
0.920000 -2.202341
0.930000 -2.166704
0.940000 -2.130655
0.950000 -2.094182
0.960000 -2.057272
0.970000 -2.019912
0.980000 -1.982087
0.990000 -1.943783
1.000000 -1.904985
