0.000000 780000000000.000000
0.100000 779999999999.999880
0.200000 779999999999.999880
0.300000 780000000000.000000
0.400000 779999999999.999880
0.500000 780000000000.000120
0.600000 780000000000.000240
0.700000 779999999999.999880
0.800000 780000000000.000000
0.900000 779999999999.999880
1.000000 780000000000.000000
1.100000 779999999999.999880
1.200000 780000000000.000120
1.300000 779999999999.999880
1.400000 779999999999.999880
1.500000 780000000000.000000
1.600000 780000000000.000000
1.700000 780000000000.000000
1.800000 779999999999.999880
1.900000 779999999999.999880
2.000000 780000000000.000240
2.100000 779999999999.999880
2.200000 780000000000.000000
2.300000 779999999999.999880
2.400000 779999999999.999880
2.500000 780000000000.000000
2.600000 780000000000.000000
2.700000 780000000000.000000
2.800000 779999999999.999880
2.900000 780000000000.000000
3.000000 779999999999.999760
3.100000 780000000000.000000
3.200000 780000000000.000000
3.300000 780000000000.000000
3.400000 779999999999.999880
3.500000 780000000000.000000
3.600000 780000000000.000000
3.700000 780000000000.000000
3.800000 779999999999.999760
3.900000 780000000000.000000
4.000000 779999999999.999880
4.100000 780000000000.000000
4.200000 780000000000.000000
4.300000 780000000000.000120
4.400000 779999999999.999880
4.500000 779999999999.999880
4.600000 780000000000.000000
4.700000 780000000000.000000
4.800000 780000000000.000000
4.900000 780000000000.000000
5.000000 780000000000.000000
5.100000 779999999999.999760
5.200000 780000000000.000000
5.300000 780000000000.000000
5.400000 779999999999.999880
5.500000 780000000000.000000
5.600000 779999999999.999880
5.700000 780000000000.000000
5.800000 780000000000.000000
5.900000 780000000000.000120
6.000000 779999999999.999880
6.100000 780000000000.000000
6.200000 779999999999.999880
6.300000 780000000000.000000
6.400000 780000000000.000240
6.500000 780000000000.000000
6.600000 779999999999.999880
6.700000 780000000000.000000
6.800000 779999999999.999760
6.900000 780000000000.000370
7.000000 780000000000.000120
7.100000 779999999999.999760
7.200000 780000000000.000000
7.300000 779999999999.999760
7.400000 780000000000.000000
7.500000 780000000000.000000
7.600000 779999999999.999630
7.700000 780000000000.000000
7.800000 780000000000.000120
7.900000 780000000000.000000
8.000000 780000000000.000000
8.100000 779999999999.999880
8.200000 779999999999.999880
8.300000 780000000000.000000
8.400000 780000000000.000120
8.500000 780000000000.000000
8.600000 779999999999.999880
8.700000 780000000000.000000
8.800000 780000000000.000240
8.900000 780000000000.000000
9.000000 780000000000.000120
9.100000 779999999999.999760
9.200000 779999999999.999760
9.300000 780000000000.000000
9.400000 780000000000.000000
9.500000 780000000000.000120
9.600000 780000000000.000000
9.700000 779999999999.999880
9.800000 779999999999.999880
9.900000 779999999999.999880
10.000000 779999999999.999880
10.100000 780000000000.000000
10.200000 779999999999.999880
10.300000 780000000000.000120
10.400000 780000000000.000000
10.500000 780000000000.000000
10.600000 780000000000.000000
10.700000 779999999999.999880
10.800000 779999999999.999880
10.900000 780000000000.000000
11.000000 779999999999.999880
11.100000 780000000000.000000
11.200000 779999999999.999760
11.300000 780000000000.000000
11.400000 780000000000.000000
11.500000 780000000000.000000
11.600000 780000000000.000000
11.700000 779999999999.999760
11.800000 780000000000.000000
11.900000 780000000000.000000
12.000000 780000000000.000000
12.100000 780000000000.000000
12.200000 779999999999.999880
12.300000 780000000000.000000
12.400000 780000000000.000120
12.500000 780000000000.000000
12.600000 780000000000.000000
12.700000 780000000000.000000
12.800000 780000000000.000120
12.900000 780000000000.000120
13.000000 780000000000.000000
13.100000 780000000000.000000
13.200000 779999999999.999880
13.300000 780000000000.000240
13.400000 780000000000.000000
13.500000 780000000000.000000
13.600000 780000000000.000120
13.700000 779999999999.999880
13.800000 780000000000.000000
13.900000 780000000000.000120
14.000000 780000000000.000000
14.100000 779999999999.999880
14.200000 779999999999.999880
14.300000 779999999999.999880
14.400000 779999999999.999880
14.500000 780000000000.000000
14.600000 779999999999.999880
14.700000 780000000000.000000
14.800000 780000000000.000000
14.900000 780000000000.000120
15.000000 780000000000.000000
15.100000 780000000000.000000
15.200000 780000000000.000000
15.300000 780000000000.000000
15.400000 780000000000.000000
15.500000 780000000000.000000
15.600000 780000000000.000000
15.700000 779999999999.999880
15.800000 780000000000.000120
15.900000 779999999999.999880
16.000000 780000000000.000120
16.100000 780000000000.000000
16.200000 779999999999.999880
16.300000 779999999999.999880
16.400000 779999999999.999880
16.500000 780000000000.000000
16.600000 780000000000.000000
16.700000 779999999999.999880
16.800000 779999999999.999880
16.900000 780000000000.000000
17.000000 780000000000.000120
17.100000 780000000000.000000
17.200000 780000000000.000000
17.300000 780000000000.000000
17.400000 779999999999.999880
17.500000 780000000000.000000
17.600000 780000000000.000000
17.700000 779999999999.999880
17.800000 779999999999.999880
17.900000 779999999999.999880
18.000000 780000000000.000000
18.100000 780000000000.000000
18.200000 780000000000.000120
18.300000 780000000000.000000
18.400000 779999999999.999880
18.500000 779999999999.999880
18.600000 780000000000.000000
18.700000 780000000000.000000
18.800000 779999999999.999880
18.900000 780000000000.000120
19.000000 780000000000.000120
19.100000 780000000000.000000
19.200000 780000000000.000120
19.300000 780000000000.000000
19.400000 780000000000.000240
19.500000 780000000000.000120
19.600000 779999999999.999880
19.700000 780000000000.000000
19.800000 780000000000.000120
19.900000 780000000000.000000
20.000000 780000000000.000000
20.100000 780000000000.000000
20.200000 780000000000.000000
20.300000 779999999999.999880
20.400000 780000000000.000120
20.500000 779999999999.999880
20.600000 780000000000.000000
20.700000 780000000000.000000
20.800000 780000000000.000120
20.900000 780000000000.000000
21.000000 780000000000.000000
21.100000 780000000000.000000
21.200000 780000000000.000000
21.300000 779999999999.999880
21.400000 780000000000.000000
21.500000 780000000000.000000
21.600000 780000000000.000000
21.700000 780000000000.000000
21.800000 780000000000.000000
21.900000 780000000000.000000
22.000000 780000000000.000000
22.100000 780000000000.000000
22.200000 780000000000.000000
22.300000 780000000000.000120
22.400000 780000000000.000000
22.500000 780000000000.000120
22.600000 780000000000.000120
22.700000 779999999999.999880
22.800000 779999999999.999880
22.900000 779999999999.999880
23.000000 780000000000.000120
23.100000 780000000000.000000
23.200000 780000000000.000000
23.300000 780000000000.000120
23.400000 779999999999.999880
23.500000 780000000000.000120
23.600000 780000000000.000120
23.700000 780000000000.000120
23.800000 780000000000.000120
23.900000 779999999999.999760
24.000000 780000000000.000000
24.100000 780000000000.000240
24.200000 779999999999.999880
24.300000 780000000000.000120
24.400000 779999999999.999880
24.500000 780000000000.000000
24.600000 779999999999.999880
24.700000 780000000000.000120
24.800000 780000000000.000240
24.900000 780000000000.000000
25.000000 780000000000.000120
25.100000 779999999999.999880
25.200000 780000000000.000000
25.300000 780000000000.000000
25.400000 779999999999.999880
25.500000 780000000000.000000
25.600000 779999999999.999880
25.700000 780000000000.000120
25.800000 780000000000.000120
25.900000 780000000000.000240
26.000000 780000000000.000240
26.100000 779999999999.999880
26.200000 780000000000.000000
26.300000 779999999999.999880
26.400000 779999999999.999880
26.500000 780000000000.000240
26.600000 780000000000.000120
26.700000 780000000000.000240
26.800000 780000000000.000000
26.900000 780000000000.000000
27.000000 780000000000.000120
27.100000 780000000000.000120
27.200000 779999999999.999880
27.300000 779999999999.999880
27.400000 780000000000.000120
27.500000 780000000000.000000
27.600000 780000000000.000120
27.700000 780000000000.000120
27.800000 779999999999.999880
27.900000 780000000000.000120
28.000000 780000000000.000490
28.100000 780000000000.000000
28.200000 780000000000.000000
28.300000 780000000000.000120
28.400000 780000000000.000120
28.500000 780000000000.000000
28.600000 780000000000.000370
28.700000 780000000000.000240
28.800000 780000000000.000000
28.900000 780000000000.000120
29.000000 780000000000.000000
29.100000 780000000000.000000
29.200000 780000000000.000000
29.300000 780000000000.000120
29.400000 780000000000.000120
29.500000 780000000000.000000
29.600000 780000000000.000000
29.700000 780000000000.000240
29.800000 780000000000.000000
29.900000 780000000000.000120
30.000000 779999999999.999880
30.100000 780000000000.000000
30.200000 780000000000.000120
30.300000 780000000000.000120
30.400000 780000000000.000370
30.500000 780000000000.000120
30.600000 780000000000.000000
30.700000 780000000000.000370
30.800000 780000000000.000120
30.900000 780000000000.000240
31.000000 780000000000.000120
31.100000 780000000000.000120
31.200000 780000000000.000120
31.300000 780000000000.000370
31.400000 779999999999.999880
31.500000 780000000000.000370
31.600000 780000000000.000240
31.700000 780000000000.000000
31.800000 780000000000.000120
31.900000 780000000000.000240
32.000000 780000000000.000120
32.100000 780000000000.000000
32.200000 779999999999.999880
32.300000 779999999999.999880
32.400000 780000000000.000120
32.500000 780000000000.000120
32.600000 780000000000.000000
32.700000 779999999999.999880
32.800000 780000000000.000000
32.900000 779999999999.999880
33.000000 780000000000.000000
33.100000 779999999999.999760
33.200000 779999999999.999760
33.300000 780000000000.000000
33.400000 780000000000.000240
33.500000 779999999999.999880
33.600000 779999999999.999880
33.700000 779999999999.999880
33.800000 780000000000.000000
33.900000 780000000000.000120
34.000000 780000000000.000120
34.100000 780000000000.000000
34.200000 779999999999.999760
34.300000 780000000000.000240
34.400000 780000000000.000120
34.500000 780000000000.000000
34.600000 779999999999.999880
34.700000 780000000000.000240
34.800000 780000000000.000240
34.900000 780000000000.000240
35.000000 780000000000.000120
35.100000 779999999999.999880
35.200000 780000000000.000000
35.300000 780000000000.000240
35.400000 780000000000.000240
35.500000 780000000000.000120
35.600000 779999999999.999880
35.700000 780000000000.000000
35.800000 780000000000.000120
35.900000 780000000000.000120
36.000000 780000000000.000240
36.100000 779999999999.999760
36.200000 780000000000.000120
36.300000 780000000000.000000
36.400000 780000000000.000240
36.500000 780000000000.000120
36.600000 779999999999.999630
36.700000 779999999999.999760
36.800000 780000000000.000120
36.900000 780000000000.000240
37.000000 780000000000.000120
37.100000 779999999999.999760
37.200000 779999999999.999880
37.300000 780000000000.000240
37.400000 780000000000.000120
37.500000 780000000000.000120
37.600000 779999999999.999760
37.700000 780000000000.000120
37.800000 780000000000.000370
37.900000 780000000000.000240
38.000000 779999999999.999880
38.100000 779999999999.999760
38.200000 780000000000.000000
38.300000 780000000000.000120
38.400000 780000000000.000000
38.500000 780000000000.000000
38.600000 779999999999.999880
38.700000 779999999999.999880
38.800000 780000000000.000240
38.900000 780000000000.000120
39.000000 779999999999.999760
39.100000 780000000000.000000
39.200000 780000000000.000000
39.300000 780000000000.000240
39.400000 780000000000.000000
39.500000 780000000000.000120
39.600000 780000000000.000120
39.700000 780000000000.000120
39.800000 780000000000.000000
39.900000 780000000000.000240
40.000000 780000000000.000000
40.100000 780000000000.000000
40.200000 780000000000.000120
40.300000 780000000000.000120
40.400000 780000000000.000120
40.500000 780000000000.000120
40.600000 779999999999.999880
40.700000 780000000000.000000
40.800000 780000000000.000120
40.900000 780000000000.000120
41.000000 780000000000.000240
41.100000 780000000000.000000
41.200000 779999999999.999880
41.300000 780000000000.000120
41.400000 780000000000.000120
41.500000 780000000000.000000
41.600000 779999999999.999880
41.700000 780000000000.000120
41.800000 780000000000.000120
41.900000 780000000000.000000
42.000000 780000000000.000000
42.100000 780000000000.000000
42.200000 780000000000.000000
42.300000 780000000000.000120
42.400000 780000000000.000000
42.500000 779999999999.999760
42.600000 779999999999.999880
42.700000 780000000000.000000
42.800000 780000000000.000120
42.900000 780000000000.000120
43.000000 780000000000.000000
43.100000 779999999999.999880
43.200000 780000000000.000120
43.300000 780000000000.000120
43.400000 780000000000.000120
43.500000 779999999999.999880
43.600000 780000000000.000120
43.700000 780000000000.000120
43.800000 780000000000.000000
43.900000 780000000000.000120
44.000000 780000000000.000000
44.100000 780000000000.000120
44.200000 780000000000.000000
44.300000 780000000000.000120
44.400000 780000000000.000120
44.500000 779999999999.999880
44.600000 779999999999.999880
44.700000 780000000000.000000
44.800000 780000000000.000120
44.900000 780000000000.000240
45.000000 780000000000.000000
45.100000 780000000000.000000
45.200000 779999999999.999880
45.300000 780000000000.000120
45.400000 780000000000.000120
45.500000 779999999999.999760
45.600000 780000000000.000000
45.700000 779999999999.999880
45.800000 780000000000.000120
45.900000 780000000000.000240
46.000000 780000000000.000000
46.100000 780000000000.000000
46.200000 779999999999.999880
46.300000 780000000000.000000
46.400000 780000000000.000240
46.500000 780000000000.000120
46.600000 779999999999.999880
46.700000 780000000000.000000
46.800000 780000000000.000120
46.900000 780000000000.000000
47.000000 780000000000.000000
47.100000 780000000000.000000
47.200000 779999999999.999880
47.300000 780000000000.000240
47.400000 780000000000.000120
47.500000 779999999999.999880
47.600000 780000000000.000000
47.700000 779999999999.999880
47.800000 780000000000.000000
47.900000 780000000000.000120
48.000000 780000000000.000000
48.100000 780000000000.000000
48.200000 779999999999.999880
48.300000 780000000000.000120
48.400000 779999999999.999880
48.500000 780000000000.000000
48.600000 779999999999.999880
48.700000 780000000000.000000
48.800000 780000000000.000120
48.900000 780000000000.000000
49.000000 779999999999.999880
49.100000 780000000000.000120
49.200000 779999999999.999880
49.300000 780000000000.000120
49.400000 780000000000.000000
49.500000 780000000000.000120
49.600000 779999999999.999880
49.700000 779999999999.999880
49.800000 780000000000.000000
49.900000 780000000000.000000
50.000000 780000000000.000000
50.100000 780000000000.000000
50.200000 780000000000.000000
50.300000 780000000000.000000
50.400000 780000000000.000000
50.500000 779999999999.999880
50.600000 780000000000.000000
50.700000 779999999999.999760
50.800000 779999999999.999880
50.900000 780000000000.000000
51.000000 780000000000.000000
51.100000 780000000000.000120
51.200000 780000000000.000000
51.300000 780000000000.000000
51.400000 779999999999.999880
51.500000 780000000000.000000
51.600000 779999999999.999760
51.700000 779999999999.999880
51.800000 780000000000.000120
51.900000 780000000000.000120
52.000000 780000000000.000000
52.100000 780000000000.000000
52.200000 780000000000.000000
52.300000 780000000000.000120
52.400000 780000000000.000120
52.500000 780000000000.000000
52.600000 780000000000.000000
52.700000 779999999999.999880
52.800000 780000000000.000120
52.900000 780000000000.000000
53.000000 780000000000.000000
53.100000 780000000000.000000
53.200000 780000000000.000000
53.300000 779999999999.999880
53.400000 779999999999.999880
53.500000 779999999999.999880
53.600000 779999999999.999880
53.700000 779999999999.999880
53.800000 780000000000.000000
53.900000 780000000000.000000
54.000000 780000000000.000120
54.100000 779999999999.999880
54.200000 779999999999.999760
54.300000 780000000000.000000
54.400000 779999999999.999880
54.500000 780000000000.000120
54.600000 779999999999.999880
54.700000 780000000000.000120
54.800000 780000000000.000000
54.900000 779999999999.999880
55.000000 780000000000.000120
55.100000 780000000000.000000
55.200000 779999999999.999880
55.300000 780000000000.000240
55.400000 779999999999.999880
55.500000 780000000000.000000
55.600000 780000000000.000000
55.700000 780000000000.000000
55.800000 780000000000.000000
55.900000 780000000000.000000
56.000000 779999999999.999880
56.100000 780000000000.000000
56.200000 780000000000.000120
56.300000 780000000000.000000
56.400000 779999999999.999880
56.500000 780000000000.000000
56.600000 780000000000.000000
56.700000 780000000000.000000
56.800000 780000000000.000120
56.900000 780000000000.000000
57.000000 779999999999.999760
57.100000 780000000000.000000
57.200000 780000000000.000000
57.300000 780000000000.000120
57.400000 780000000000.000120
57.500000 779999999999.999880
57.600000 780000000000.000000
57.700000 780000000000.000000
57.800000 779999999999.999880
57.900000 779999999999.999880
58.000000 780000000000.000000
58.100000 780000000000.000120
58.200000 780000000000.000000
58.300000 780000000000.000000
58.400000 780000000000.000000
58.500000 780000000000.000000
58.600000 780000000000.000000
58.700000 779999999999.999880
58.800000 780000000000.000120
58.900000 780000000000.000120
59.000000 779999999999.999880
59.100000 780000000000.000120
59.200000 780000000000.000000
59.300000 780000000000.000000
59.400000 780000000000.000120
59.500000 780000000000.000120
59.600000 779999999999.999880
59.700000 780000000000.000000
59.800000 780000000000.000000
59.900000 779999999999.999880
60.000000 780000000000.000000
60.100000 780000000000.000000
60.200000 780000000000.000000
60.300000 780000000000.000000
60.400000 780000000000.000000
60.500000 780000000000.000000
60.600000 780000000000.000000
60.700000 780000000000.000120
60.800000 780000000000.000000
60.900000 780000000000.000000
61.000000 780000000000.000000
61.100000 779999999999.999880
61.200000 780000000000.000000
61.300000 780000000000.000240
61.400000 779999999999.999880
61.500000 780000000000.000000
61.600000 780000000000.000120
61.700000 780000000000.000000
61.800000 780000000000.000120
61.900000 780000000000.000120
62.000000 780000000000.000000
62.100000 780000000000.000120
62.200000 779999999999.999880
62.300000 779999999999.999880
62.400000 780000000000.000120
62.500000 779999999999.999880
62.600000 780000000000.000120
62.700000 780000000000.000000
62.800000 780000000000.000000
62.900000 780000000000.000000
63.000000 780000000000.000000
63.100000 780000000000.000120
63.200000 780000000000.000000
63.300000 780000000000.000000
63.400000 779999999999.999880
63.500000 779999999999.999880
63.600000 780000000000.000120
63.700000 780000000000.000000
63.800000 780000000000.000000
63.900000 780000000000.000000
64.000000 780000000000.000120
64.100000 779999999999.999880
64.200000 779999999999.999880
64.300000 780000000000.000120
64.400000 780000000000.000000
64.500000 780000000000.000000
64.600000 779999999999.999880
64.700000 780000000000.000000
64.800000 780000000000.000000
64.900000 780000000000.000000
65.000000 780000000000.000000
65.100000 780000000000.000000
65.200000 780000000000.000120
65.300000 779999999999.999880
65.400000 780000000000.000000
65.500000 780000000000.000000
65.600000 780000000000.000120
65.700000 780000000000.000000
65.800000 780000000000.000120
65.900000 780000000000.000120
66.000000 780000000000.000000
66.100000 779999999999.999880
66.200000 780000000000.000000
66.300000 780000000000.000000
66.400000 780000000000.000000
66.500000 780000000000.000000
66.600000 779999999999.999880
66.700000 779999999999.999880
66.800000 780000000000.000000
66.900000 779999999999.999760
67.000000 780000000000.000000
67.100000 780000000000.000000
67.200000 780000000000.000000
67.300000 779999999999.999880
67.400000 780000000000.000000
67.500000 780000000000.000120
67.600000 779999999999.999880
67.700000 780000000000.000000
67.800000 779999999999.999880
67.900000 780000000000.000000
68.000000 779999999999.999880
68.100000 780000000000.000000
68.200000 780000000000.000120
68.300000 780000000000.000120
68.400000 780000000000.000000
68.500000 780000000000.000240
68.600000 780000000000.000120
68.700000 780000000000.000000
68.800000 780000000000.000000
68.900000 780000000000.000120
69.000000 780000000000.000000
69.100000 779999999999.999880
69.200000 780000000000.000120
69.300000 780000000000.000000
69.400000 780000000000.000120
69.500000 780000000000.000000
69.600000 779999999999.999880
69.700000 779999999999.999880
69.800000 780000000000.000000
69.900000 780000000000.000000
70.000000 780000000000.000000
70.100000 780000000000.000000
70.200000 780000000000.000000
70.300000 780000000000.000000
70.400000 780000000000.000120
70.500000 779999999999.999880
70.600000 780000000000.000000
70.700000 780000000000.000000
70.800000 780000000000.000000
70.900000 779999999999.999880
71.000000 780000000000.000000
71.100000 780000000000.000000
71.200000 779999999999.999880
71.300000 780000000000.000000
71.400000 780000000000.000000
71.500000 779999999999.999880
71.600000 780000000000.000000
71.700000 780000000000.000000
71.800000 779999999999.999880
71.900000 780000000000.000000
72.000000 780000000000.000000
72.100000 780000000000.000000
72.200000 780000000000.000120
72.300000 780000000000.000000
72.400000 779999999999.999880
72.500000 780000000000.000000
72.600000 779999999999.999880
72.700000 780000000000.000000
72.800000 779999999999.999880
72.900000 780000000000.000240
73.000000 780000000000.000000
73.100000 780000000000.000120
73.200000 780000000000.000120
73.300000 779999999999.999880
73.400000 779999999999.999880
73.500000 780000000000.000120
73.600000 780000000000.000000
73.700000 780000000000.000120
73.800000 779999999999.999880
73.900000 780000000000.000120
74.000000 779999999999.999880
74.100000 780000000000.000000
74.200000 780000000000.000240
74.300000 780000000000.000120
74.400000 780000000000.000120
74.500000 779999999999.999880
74.600000 780000000000.000000
74.700000 780000000000.000120
74.800000 780000000000.000120
74.900000 779999999999.999880
75.000000 780000000000.000000
75.100000 780000000000.000000
75.200000 779999999999.999760
75.300000 780000000000.000000
75.400000 780000000000.000240
75.500000 780000000000.000240
75.600000 780000000000.000000
75.700000 780000000000.000120
75.800000 780000000000.000120
75.900000 780000000000.000240
76.000000 779999999999.999880
76.100000 780000000000.000000
76.200000 780000000000.000120
76.300000 779999999999.999880
76.400000 779999999999.999760
76.500000 780000000000.000120
76.600000 779999999999.999880
76.700000 779999999999.999880
76.800000 780000000000.000120
76.900000 780000000000.000000
77.000000 780000000000.000120
77.100000 780000000000.000000
77.200000 780000000000.000000
77.300000 780000000000.000000
77.400000 780000000000.000000
77.500000 780000000000.000000
77.600000 780000000000.000000
77.700000 780000000000.000000
77.800000 779999999999.999880
77.900000 779999999999.999880
78.000000 780000000000.000000
78.100000 779999999999.999880
78.200000 780000000000.000000
78.300000 779999999999.999880
78.400000 780000000000.000120
78.500000 780000000000.000000
78.600000 780000000000.000000
78.700000 780000000000.000000
78.800000 780000000000.000000
78.900000 780000000000.000000
79.000000 780000000000.000120
79.100000 780000000000.000240
79.200000 780000000000.000000
79.300000 780000000000.000240
79.400000 779999999999.999880
79.500000 780000000000.000000
79.600000 780000000000.000000
79.700000 780000000000.000000
79.800000 780000000000.000120
79.900000 779999999999.999760
80.000000 780000000000.000370
80.100000 780000000000.000000
80.200000 779999999999.999880
80.300000 779999999999.999880
80.400000 780000000000.000000
80.500000 779999999999.999880
80.600000 780000000000.000000
80.700000 780000000000.000000
80.800000 779999999999.999880
80.900000 780000000000.000000
81.000000 780000000000.000000
81.100000 780000000000.000000
81.200000 780000000000.000000
81.300000 780000000000.000000
81.400000 780000000000.000000
81.500000 780000000000.000000
81.600000 779999999999.999880
81.700000 780000000000.000000
81.800000 780000000000.000000
81.900000 779999999999.999880
82.000000 779999999999.999880
82.100000 780000000000.000000
82.200000 780000000000.000120
82.300000 780000000000.000000
82.400000 780000000000.000120
82.500000 780000000000.000000
82.600000 780000000000.000120
82.700000 780000000000.000000
82.800000 780000000000.000000
82.900000 780000000000.000120
83.000000 780000000000.000000
83.100000 779999999999.999880
83.200000 780000000000.000000
83.300000 780000000000.000120
83.400000 780000000000.000120
83.500000 780000000000.000000
83.600000 780000000000.000120
83.700000 780000000000.000240
83.800000 780000000000.000000
83.900000 780000000000.000000
84.000000 780000000000.000240
84.100000 779999999999.999880
84.200000 779999999999.999880
84.300000 780000000000.000000
84.400000 780000000000.000000
84.500000 779999999999.999880
84.600000 779999999999.999880
84.700000 780000000000.000000
84.800000 780000000000.000000
84.900000 780000000000.000000
85.000000 780000000000.000000
85.100000 780000000000.000000
85.200000 780000000000.000240
85.300000 780000000000.000000
85.400000 780000000000.000000
85.500000 780000000000.000120
85.600000 780000000000.000120
85.700000 780000000000.000000
85.800000 780000000000.000000
85.900000 780000000000.000000
86.000000 780000000000.000000
86.100000 779999999999.999880
86.200000 780000000000.000000
86.300000 780000000000.000120
86.400000 780000000000.000000
86.500000 780000000000.000000
86.600000 780000000000.000120
86.700000 780000000000.000000
86.800000 780000000000.000000
86.900000 780000000000.000000
87.000000 780000000000.000240
87.100000 780000000000.000000
87.200000 780000000000.000000
87.300000 780000000000.000000
87.400000 780000000000.000000
87.500000 780000000000.000120
87.600000 780000000000.000000
87.700000 780000000000.000120
87.800000 780000000000.000120
87.900000 780000000000.000000
88.000000 780000000000.000000
88.100000 780000000000.000000
88.200000 780000000000.000120
88.300000 780000000000.000000
88.400000 780000000000.000000
88.500000 780000000000.000000
88.600000 780000000000.000000
88.700000 780000000000.000240
88.800000 780000000000.000120
88.900000 780000000000.000120
89.000000 780000000000.000000
89.100000 780000000000.000000
89.200000 780000000000.000000
89.300000 780000000000.000000
89.400000 780000000000.000000
89.500000 780000000000.000000
89.600000 780000000000.000120
89.700000 780000000000.000000
89.800000 780000000000.000000
89.900000 780000000000.000000
90.000000 780000000000.000120
90.100000 780000000000.000000
90.200000 780000000000.000000
90.300000 780000000000.000120
90.400000 780000000000.000000
90.500000 780000000000.000000
90.600000 780000000000.000120
90.700000 780000000000.000120
90.800000 780000000000.000120
90.900000 779999999999.999880
91.000000 780000000000.000000
91.100000 780000000000.000000
91.200000 780000000000.000120
91.300000 780000000000.000000
91.400000 779999999999.999880
91.500000 780000000000.000120
91.600000 780000000000.000000
91.700000 779999999999.999880
91.800000 780000000000.000120
91.900000 780000000000.000000
92.000000 780000000000.000120
92.100000 780000000000.000000
92.200000 779999999999.999880
92.300000 780000000000.000120
92.400000 780000000000.000000
92.500000 780000000000.000120
92.600000 780000000000.000120
92.700000 780000000000.000000
92.800000 780000000000.000000
92.900000 780000000000.000000
93.000000 779999999999.999760
93.100000 780000000000.000120
93.200000 779999999999.999880
93.300000 780000000000.000000
93.400000 780000000000.000000
93.500000 779999999999.999880
93.600000 780000000000.000000
93.700000 779999999999.999880
93.800000 780000000000.000000
93.900000 780000000000.000000
94.000000 779999999999.999880
94.100000 780000000000.000120
94.200000 780000000000.000000
94.300000 780000000000.000000
94.400000 780000000000.000000
94.500000 779999999999.999880
94.600000 780000000000.000000
94.700000 780000000000.000000
94.800000 780000000000.000120
94.900000 780000000000.000120
95.000000 779999999999.999880
95.100000 780000000000.000000
95.200000 780000000000.000000
95.300000 780000000000.000000
95.400000 779999999999.999880
95.500000 780000000000.000120
95.600000 780000000000.000000
95.700000 780000000000.000000
95.800000 780000000000.000000
95.900000 779999999999.999880
96.000000 780000000000.000000
96.100000 780000000000.000120
96.200000 779999999999.999880
96.300000 780000000000.000000
96.400000 780000000000.000000
96.500000 779999999999.999880
96.600000 780000000000.000000
96.700000 779999999999.999880
96.800000 780000000000.000000
96.900000 779999999999.999880
97.000000 780000000000.000000
97.100000 780000000000.000120
97.200000 780000000000.000000
97.300000 779999999999.999880
97.400000 780000000000.000000
97.500000 779999999999.999880
97.600000 780000000000.000120
97.700000 780000000000.000120
97.800000 780000000000.000120
97.900000 779999999999.999880
98.000000 780000000000.000000
98.100000 780000000000.000000
98.200000 779999999999.999880
98.300000 779999999999.999880
98.400000 779999999999.999880
98.500000 779999999999.999880
98.600000 780000000000.000000
98.700000 780000000000.000120
98.800000 779999999999.999880
98.900000 780000000000.000000
99.000000 779999999999.999760
99.100000 780000000000.000000
99.200000 779999999999.999880
99.300000 780000000000.000370
99.400000 780000000000.000000
99.500000 779999999999.999760
99.600000 780000000000.000000
99.700000 779999999999.999880
99.800000 780000000000.000120
99.900000 780000000000.000000
100.000000 779999999999.999760
