0.000000 78.000000
0.003000 78.000000
0.006000 78.000000
0.009000 78.000000
0.012000 78.000000
0.015000 78.000000
0.018000 78.000000
0.021000 78.000000
0.024000 78.000000
0.027000 78.000000
0.030000 78.000000
0.033000 78.000000
0.036000 78.000000
0.039000 78.000000
0.042000 78.000000
0.045000 78.000000
0.048000 78.000000
0.051000 78.000000
0.054000 78.000000
0.057000 78.000000
0.060000 78.000000
0.063000 78.000000
0.066000 78.000000
0.069000 78.000000
0.072000 78.000000
0.075000 78.000000
0.078000 78.000000
0.081000 78.000000
0.084000 78.000000
0.087000 78.000000
0.090000 78.000000
0.093000 78.000000
0.096000 78.000000
0.099000 78.000000
0.102000 78.000000
0.105000 78.000000
0.108000 78.000001
0.111000 78.000001
0.114000 78.000001
0.117000 78.000001
0.120000 78.000001
0.123000 78.000001
0.126000 78.000001
0.129000 78.000001
0.132000 78.000001
0.135000 78.000001
0.138000 78.000001
0.141000 78.000001
0.144000 78.000001
0.147000 78.000001
0.150000 78.000001
0.153000 78.000001
0.156000 78.000001
0.159000 78.000001
0.162000 78.000001
0.165000 78.000001
0.168000 78.000001
0.171000 78.000001
0.174000 78.000001
0.177000 78.000001
0.180000 78.000001
0.183000 78.000001
0.186000 78.000002
0.189000 78.000002
0.192000 78.000002
0.195000 78.000002
0.198000 78.000002
0.201000 78.000002
0.204000 78.000002
0.207000 78.000002
0.210000 78.000002
0.213000 78.000002
0.216000 78.000002
0.219000 78.000002
0.222000 78.000002
0.225000 78.000002
0.228000 78.000002
0.231000 78.000002
0.234000 78.000002
0.237000 78.000002
0.240000 78.000003
0.243000 78.000003
0.246000 78.000003
0.249000 78.000003
0.252000 78.000003
0.255000 78.000003
0.258000 78.000003
0.261000 78.000003
0.264000 78.000003
0.267000 78.000003
0.270000 78.000003
0.273000 78.000003
0.276000 78.000003
0.279000 78.000003
0.282000 78.000003
0.285000 78.000004
0.288000 78.000004
0.291000 78.000004
0.294000 78.000004
0.297000 78.000004
0.300000 78.000004
0.303000 78.000004
0.306000 78.000004
0.309000 78.000004
0.312000 78.000004
0.315000 78.000004
0.318000 78.000004
0.321000 78.000005
0.324000 78.000005
0.327000 78.000005
0.330000 78.000005
0.333000 78.000005
0.336000 78.000005
0.339000 78.000005
0.342000 78.000005
0.345000 78.000005
0.348000 78.000005
0.351000 78.000005
0.354000 78.000005
0.357000 78.000006
0.360000 78.000006
0.363000 78.000006
0.366000 78.000006
0.369000 78.000006
0.372000 78.000006
0.375000 78.000006
0.378000 78.000006
0.381000 78.000006
0.384000 78.000006
0.387000 78.000007
0.390000 78.000007
0.393000 78.000007
0.396000 78.000007
0.399000 78.000007
0.402000 78.000007
0.405000 78.000007
0.408000 78.000007
0.411000 78.000007
0.414000 78.000007
0.417000 78.000008
0.420000 78.000008
0.423000 78.000008
0.426000 78.000008
0.429000 78.000008
0.432000 78.000008
0.435000 78.000008
0.438000 78.000008
0.441000 78.000008
0.444000 78.000009
0.447000 78.000009
0.450000 78.000009
0.453000 78.000009
0.456000 78.000009
0.459000 78.000009
0.462000 78.000009
0.465000 78.000009
0.468000 78.000010
0.471000 78.000010
0.474000 78.000010
0.477000 78.000010
0.480000 78.000010
0.483000 78.000010
0.486000 78.000010
0.489000 78.000010
0.492000 78.000011
0.495000 78.000011
0.498000 78.000011
0.501000 78.000011
0.504000 78.000011
0.507000 78.000011
0.510000 78.000011
0.513000 78.000011
0.516000 78.000012
0.519000 78.000012
0.522000 78.000012
0.525000 78.000012
0.528000 78.000012
0.531000 78.000012
0.534000 78.000012
0.537000 78.000013
0.540000 78.000013
0.543000 78.000013
0.546000 78.000013
0.549000 78.000013
0.552000 78.000013
0.555000 78.000013
0.558000 78.000014
0.561000 78.000014
0.564000 78.000014
0.567000 78.000014
0.570000 78.000014
0.573000 78.000014
0.576000 78.000014
0.579000 78.000015
0.582000 78.000015
0.585000 78.000015
0.588000 78.000015
0.591000 78.000015
0.594000 78.000015
0.597000 78.000016
0.600000 78.000016
0.603000 78.000016
0.606000 78.000016
0.609000 78.000016
0.612000 78.000016
0.615000 78.000017
0.618000 78.000017
0.621000 78.000017
0.624000 78.000017
0.627000 78.000017
0.630000 78.000017
0.633000 78.000018
0.636000 78.000018
0.639000 78.000018
0.642000 78.000018
0.645000 78.000018
0.648000 78.000018
0.651000 78.000019
0.654000 78.000019
0.657000 78.000019
0.660000 78.000019
0.663000 78.000019
0.666000 78.000019
0.669000 78.000020
0.672000 78.000020
0.675000 78.000020
0.678000 78.000020
0.681000 78.000020
0.684000 78.000020
0.687000 78.000021
0.690000 78.000021
0.693000 78.000021
0.696000 78.000021
0.699000 78.000021
0.702000 78.000022
0.705000 78.000022
0.708000 78.000022
0.711000 78.000022
0.714000 78.000022
0.717000 78.000022
0.720000 78.000023
0.723000 78.000023
0.726000 78.000023
0.729000 78.000023
0.732000 78.000023
0.735000 78.000024
0.738000 78.000024
0.741000 78.000024
0.744000 78.000024
0.747000 78.000024
0.750000 78.000025
0.753000 78.000025
0.756000 78.000025
0.759000 78.000025
0.762000 78.000025
0.765000 78.000026
0.768000 78.000026
0.771000 78.000026
0.774000 78.000026
0.777000 78.000026
0.780000 78.000027
0.783000 78.000027
0.786000 78.000027
0.789000 78.000027
0.792000 78.000027
0.795000 78.000028
0.798000 78.000028
0.801000 78.000028
0.804000 78.000028
0.807000 78.000028
0.810000 78.000029
0.813000 78.000029
0.816000 78.000029
0.819000 78.000029
0.822000 78.000030
0.825000 78.000030
0.828000 78.000030
0.831000 78.000030
0.834000 78.000030
0.837000 78.000031
0.840000 78.000031
0.843000 78.000031
0.846000 78.000031
0.849000 78.000031
0.852000 78.000032
0.855000 78.000032
0.858000 78.000032
0.861000 78.000032
0.864000 78.000033
0.867000 78.000033
0.870000 78.000033
0.873000 78.000033
0.876000 78.000034
0.879000 78.000034
0.882000 78.000034
0.885000 78.000034
0.888000 78.000034
0.891000 78.000035
0.894000 78.000035
0.897000 78.000035
0.900000 78.000035
0.903000 78.000036
0.906000 78.000036
0.909000 78.000036
0.912000 78.000036
0.915000 78.000037
0.918000 78.000037
0.921000 78.000037
0.924000 78.000037
0.927000 78.000038
0.930000 78.000038
0.933000 78.000038
0.936000 78.000038
0.939000 78.000039
0.942000 78.000039
0.945000 78.000039
0.948000 78.000039
0.951000 78.000040
0.954000 78.000040
0.957000 78.000040
0.960000 78.000040
0.963000 78.000041
0.966000 78.000041
0.969000 78.000041
0.972000 78.000041
0.975000 78.000042
0.978000 78.000042
0.981000 78.000042
0.984000 78.000042
0.987000 78.000043
0.990000 78.000043
0.993000 78.000043
0.996000 78.000043
0.999000 78.000044
1.002000 78.000044
1.005000 78.000044
1.008000 78.000044
1.011000 78.000045
1.014000 78.000045
1.017000 78.000045
1.020000 78.000045
1.023000 78.000046
1.026000 78.000046
1.029000 78.000046
1.032000 78.000047
1.035000 78.000047
1.038000 78.000047
1.041000 78.000047
1.044000 78.000048
1.047000 78.000048
1.050000 78.000048
1.053000 78.000048
1.056000 78.000049
1.059000 78.000049
1.062000 78.000049
1.065000 78.000050
1.068000 78.000050
1.071000 78.000050
1.074000 78.000050
1.077000 78.000051
1.080000 78.000051
1.083000 78.000051
1.086000 78.000052
1.089000 78.000052
1.092000 78.000052
1.095000 78.000052
1.098000 78.000053
1.101000 78.000053
1.104000 78.000053
1.107000 78.000054
1.110000 78.000054
1.113000 78.000054
1.116000 78.000054
1.119000 78.000055
1.122000 78.000055
1.125000 78.000055
1.128000 78.000056
1.131000 78.000056
1.134000 78.000056
1.137000 78.000056
1.140000 78.000057
1.143000 78.000057
1.146000 78.000057
1.149000 78.000058
1.152000 78.000058
1.155000 78.000058
1.158000 78.000059
1.161000 78.000059
1.164000 78.000059
1.167000 78.000059
1.170000 78.000060
1.173000 78.000060
1.176000 78.000060
1.179000 78.000061
1.182000 78.000061
1.185000 78.000061
1.188000 78.000062
1.191000 78.000062
1.194000 78.000062
1.197000 78.000063
1.200000 78.000063
1.203000 78.000063
1.206000 78.000064
1.209000 78.000064
1.212000 78.000064
1.215000 78.000064
1.218000 78.000065
1.221000 78.000065
1.224000 78.000065
1.227000 78.000066
1.230000 78.000066
1.233000 78.000066
1.236000 78.000067
1.239000 78.000067
1.242000 78.000067
1.245000 78.000068
1.248000 78.000068
1.251000 78.000068
1.254000 78.000069
1.257000 78.000069
1.260000 78.000069
1.263000 78.000070
1.266000 78.000070
1.269000 78.000070
1.272000 78.000071
1.275000 78.000071
1.278000 78.000071
1.281000 78.000072
1.284000 78.000072
1.287000 78.000072
1.290000 78.000073
1.293000 78.000073
1.296000 78.000073
1.299000 78.000074
1.302000 78.000074
1.305000 78.000074
1.308000 78.000075
1.311000 78.000075
1.314000 78.000075
1.317000 78.000076
1.320000 78.000076
1.323000 78.000076
1.326000 78.000077
1.329000 78.000077
1.332000 78.000077
1.335000 78.000078
1.338000 78.000078
1.341000 78.000079
1.344000 78.000079
1.347000 78.000079
1.350000 78.000080
1.353000 78.000080
1.356000 78.000080
1.359000 78.000081
1.362000 78.000081
1.365000 78.000081
1.368000 78.000082
1.371000 78.000082
1.374000 78.000082
1.377000 78.000083
1.380000 78.000083
1.383000 78.000084
1.386000 78.000084
1.389000 78.000084
1.392000 78.000085
1.395000 78.000085
1.398000 78.000085
1.401000 78.000086
1.404000 78.000086
1.407000 78.000086
1.410000 78.000087
1.413000 78.000087
1.416000 78.000088
1.419000 78.000088
1.422000 78.000088
1.425000 78.000089
1.428000 78.000089
1.431000 78.000089
1.434000 78.000090
1.437000 78.000090
1.440000 78.000091
1.443000 78.000091
1.446000 78.000091
1.449000 78.000092
1.452000 78.000092
1.455000 78.000092
1.458000 78.000093
1.461000 78.000093
1.464000 78.000094
1.467000 78.000094
1.470000 78.000094
1.473000 78.000095
1.476000 78.000095
1.479000 78.000096
1.482000 78.000096
1.485000 78.000096
1.488000 78.000097
1.491000 78.000097
1.494000 78.000097
1.497000 78.000098
1.500000 78.000098
1.503000 78.000099
1.506000 78.000099
1.509000 78.000099
1.512000 78.000100
1.515000 78.000100
1.518000 78.000101
1.521000 78.000101
1.524000 78.000101
1.527000 78.000102
1.530000 78.000102
1.533000 78.000103
1.536000 78.000103
1.539000 78.000103
1.542000 78.000104
1.545000 78.000104
1.548000 78.000105
1.551000 78.000105
1.554000 78.000105
1.557000 78.000106
1.560000 78.000106
1.563000 78.000107
1.566000 78.000107
1.569000 78.000108
1.572000 78.000108
1.575000 78.000108
1.578000 78.000109
1.581000 78.000109
1.584000 78.000110
1.587000 78.000110
1.590000 78.000110
1.593000 78.000111
1.596000 78.000111
1.599000 78.000112
1.602000 78.000112
1.605000 78.000113
1.608000 78.000113
1.611000 78.000113
1.614000 78.000114
1.617000 78.000114
1.620000 78.000115
1.623000 78.000115
1.626000 78.000115
1.629000 78.000116
1.632000 78.000116
1.635000 78.000117
1.638000 78.000117
1.641000 78.000118
1.644000 78.000118
1.647000 78.000118
1.650000 78.000119
1.653000 78.000119
1.656000 78.000120
1.659000 78.000120
1.662000 78.000121
1.665000 78.000121
1.668000 78.000122
1.671000 78.000122
1.674000 78.000122
1.677000 78.000123
1.680000 78.000123
1.683000 78.000124
1.686000 78.000124
1.689000 78.000125
1.692000 78.000125
1.695000 78.000125
1.698000 78.000126
1.701000 78.000126
1.704000 78.000127
1.707000 78.000127
1.710000 78.000128
1.713000 78.000128
1.716000 78.000129
1.719000 78.000129
1.722000 78.000130
1.725000 78.000130
1.728000 78.000130
1.731000 78.000131
1.734000 78.000131
1.737000 78.000132
1.740000 78.000132
1.743000 78.000133
1.746000 78.000133
1.749000 78.000134
1.752000 78.000134
1.755000 78.000135
1.758000 78.000135
1.761000 78.000135
1.764000 78.000136
1.767000 78.000136
1.770000 78.000137
1.773000 78.000137
1.776000 78.000138
1.779000 78.000138
1.782000 78.000139
1.785000 78.000139
1.788000 78.000140
1.791000 78.000140
1.794000 78.000141
1.797000 78.000141
1.800000 78.000142
1.803000 78.000142
1.806000 78.000142
1.809000 78.000143
1.812000 78.000143
1.815000 78.000144
1.818000 78.000144
1.821000 78.000145
1.824000 78.000145
1.827000 78.000146
1.830000 78.000146
1.833000 78.000147
1.836000 78.000147
1.839000 78.000148
1.842000 78.000148
1.845000 78.000149
1.848000 78.000149
1.851000 78.000150
1.854000 78.000150
1.857000 78.000151
1.860000 78.000151
1.863000 78.000152
1.866000 78.000152
1.869000 78.000153
1.872000 78.000153
1.875000 78.000154
1.878000 78.000154
1.881000 78.000155
1.884000 78.000155
1.887000 78.000156
1.890000 78.000156
1.893000 78.000157
1.896000 78.000157
1.899000 78.000158
1.902000 78.000158
1.905000 78.000159
1.908000 78.000159
1.911000 78.000160
1.914000 78.000160
1.917000 78.000161
1.920000 78.000161
1.923000 78.000162
1.926000 78.000162
1.929000 78.000163
1.932000 78.000163
1.935000 78.000164
1.938000 78.000164
1.941000 78.000165
1.944000 78.000165
1.947000 78.000166
1.950000 78.000166
1.953000 78.000167
1.956000 78.000167
1.959000 78.000168
1.962000 78.000168
1.965000 78.000169
1.968000 78.000169
1.971000 78.000170
1.974000 78.000170
1.977000 78.000171
1.980000 78.000171
1.983000 78.000172
1.986000 78.000172
1.989000 78.000173
1.992000 78.000173
1.995000 78.000174
1.998000 78.000174
2.001000 78.000175
2.004000 78.000175
2.007000 78.000176
2.010000 78.000176
2.013000 78.000177
2.016000 78.000178
2.019000 78.000178
2.022000 78.000179
2.025000 78.000179
2.028000 78.000180
2.031000 78.000180
2.034000 78.000181
2.037000 78.000181
2.040000 78.000182
2.043000 78.000182
2.046000 78.000183
2.049000 78.000183
2.052000 78.000184
2.055000 78.000184
2.058000 78.000185
2.061000 78.000186
2.064000 78.000186
2.067000 78.000187
2.070000 78.000187
2.073000 78.000188
2.076000 78.000188
2.079000 78.000189
2.082000 78.000189
2.085000 78.000190
2.088000 78.000190
2.091000 78.000191
2.094000 78.000192
2.097000 78.000192
2.100000 78.000193
2.103000 78.000193
2.106000 78.000194
2.109000 78.000194
2.112000 78.000195
2.115000 78.000195
2.118000 78.000196
2.121000 78.000197
2.124000 78.000197
2.127000 78.000198
2.130000 78.000198
2.133000 78.000199
2.136000 78.000199
2.139000 78.000200
2.142000 78.000200
2.145000 78.000201
2.148000 78.000202
2.151000 78.000202
2.154000 78.000203
2.157000 78.000203
2.160000 78.000204
2.163000 78.000204
2.166000 78.000205
2.169000 78.000205
2.172000 78.000206
2.175000 78.000207
2.178000 78.000207
2.181000 78.000208
2.184000 78.000208
2.187000 78.000209
2.190000 78.000209
2.193000 78.000210
2.196000 78.000211
2.199000 78.000211
2.202000 78.000212
2.205000 78.000212
2.208000 78.000213
2.211000 78.000214
2.214000 78.000214
2.217000 78.000215
2.220000 78.000215
2.223000 78.000216
2.226000 78.000216
2.229000 78.000217
2.232000 78.000218
2.235000 78.000218
2.238000 78.000219
2.241000 78.000219
2.244000 78.000220
2.247000 78.000221
2.250000 78.000221
2.253000 78.000222
2.256000 78.000222
2.259000 78.000223
2.262000 78.000223
2.265000 78.000224
2.268000 78.000225
2.271000 78.000225
2.274000 78.000226
2.277000 78.000226
2.280000 78.000227
2.283000 78.000228
2.286000 78.000228
2.289000 78.000229
2.292000 78.000229
2.295000 78.000230
2.298000 78.000231
2.301000 78.000231
2.304000 78.000232
2.307000 78.000232
2.310000 78.000233
2.313000 78.000234
2.316000 78.000234
2.319000 78.000235
2.322000 78.000236
2.325000 78.000236
2.328000 78.000237
2.331000 78.000237
2.334000 78.000238
2.337000 78.000239
2.340000 78.000239
2.343000 78.000240
2.346000 78.000240
2.349000 78.000241
2.352000 78.000242
2.355000 78.000242
2.358000 78.000243
2.361000 78.000243
2.364000 78.000244
2.367000 78.000245
2.370000 78.000245
2.373000 78.000246
2.376000 78.000247
2.379000 78.000247
2.382000 78.000248
2.385000 78.000248
2.388000 78.000249
2.391000 78.000250
2.394000 78.000250
2.397000 78.000251
2.400000 78.000252
2.403000 78.000252
2.406000 78.000253
2.409000 78.000253
2.412000 78.000254
2.415000 78.000255
2.418000 78.000255
2.421000 78.000256
2.424000 78.000257
2.427000 78.000257
2.430000 78.000258
2.433000 78.000259
2.436000 78.000259
2.439000 78.000260
2.442000 78.000260
2.445000 78.000261
2.448000 78.000262
2.451000 78.000262
2.454000 78.000263
2.457000 78.000264
2.460000 78.000264
2.463000 78.000265
2.466000 78.000266
2.469000 78.000266
2.472000 78.000267
2.475000 78.000268
2.478000 78.000268
2.481000 78.000269
2.484000 78.000270
2.487000 78.000270
2.490000 78.000271
2.493000 78.000271
2.496000 78.000272
2.499000 78.000273
2.502000 78.000273
2.505000 78.000274
2.508000 78.000275
2.511000 78.000275
2.514000 78.000276
2.517000 78.000277
2.520000 78.000277
2.523000 78.000278
2.526000 78.000279
2.529000 78.000279
2.532000 78.000280
2.535000 78.000281
2.538000 78.000281
2.541000 78.000282
2.544000 78.000283
2.547000 78.000283
2.550000 78.000284
2.553000 78.000285
2.556000 78.000285
2.559000 78.000286
2.562000 78.000287
2.565000 78.000287
2.568000 78.000288
2.571000 78.000289
2.574000 78.000289
2.577000 78.000290
2.580000 78.000291
2.583000 78.000291
2.586000 78.000292
2.589000 78.000293
2.592000 78.000293
2.595000 78.000294
2.598000 78.000295
2.601000 78.000296
2.604000 78.000296
2.607000 78.000297
2.610000 78.000298
2.613000 78.000298
2.616000 78.000299
2.619000 78.000300
2.622000 78.000300
2.625000 78.000301
2.628000 78.000302
2.631000 78.000302
2.634000 78.000303
2.637000 78.000304
2.640000 78.000304
2.643000 78.000305
2.646000 78.000306
2.649000 78.000307
2.652000 78.000307
2.655000 78.000308
2.658000 78.000309
2.661000 78.000309
2.664000 78.000310
2.667000 78.000311
2.670000 78.000311
2.673000 78.000312
2.676000 78.000313
2.679000 78.000313
2.682000 78.000314
2.685000 78.000315
2.688000 78.000316
2.691000 78.000316
2.694000 78.000317
2.697000 78.000318
2.700000 78.000318
2.703000 78.000319
2.706000 78.000320
2.709000 78.000321
2.712000 78.000321
2.715000 78.000322
2.718000 78.000323
2.721000 78.000323
2.724000 78.000324
2.727000 78.000325
2.730000 78.000326
2.733000 78.000326
2.736000 78.000327
2.739000 78.000328
2.742000 78.000328
2.745000 78.000329
2.748000 78.000330
2.751000 78.000331
2.754000 78.000331
2.757000 78.000332
2.760000 78.000333
2.763000 78.000333
2.766000 78.000334
2.769000 78.000335
2.772000 78.000336
2.775000 78.000336
2.778000 78.000337
2.781000 78.000338
2.784000 78.000339
2.787000 78.000339
2.790000 78.000340
2.793000 78.000341
2.796000 78.000341
2.799000 78.000342
2.802000 78.000343
2.805000 78.000344
2.808000 78.000344
2.811000 78.000345
2.814000 78.000346
2.817000 78.000347
2.820000 78.000347
2.823000 78.000348
2.826000 78.000349
2.829000 78.000350
2.832000 78.000350
2.835000 78.000351
2.838000 78.000352
2.841000 78.000353
2.844000 78.000353
2.847000 78.000354
2.850000 78.000355
2.853000 78.000356
2.856000 78.000356
2.859000 78.000357
2.862000 78.000358
2.865000 78.000359
2.868000 78.000359
2.871000 78.000360
2.874000 78.000361
2.877000 78.000362
2.880000 78.000362
2.883000 78.000363
2.886000 78.000364
2.889000 78.000365
2.892000 78.000365
2.895000 78.000366
2.898000 78.000367
2.901000 78.000368
2.904000 78.000368
2.907000 78.000369
2.910000 78.000370
2.913000 78.000371
2.916000 78.000371
2.919000 78.000372
2.922000 78.000373
2.925000 78.000374
2.928000 78.000374
2.931000 78.000375
2.934000 78.000376
2.937000 78.000377
2.940000 78.000378
2.943000 78.000378
2.946000 78.000379
2.949000 78.000380
2.952000 78.000381
2.955000 78.000381
2.958000 78.000382
2.961000 78.000383
2.964000 78.000384
2.967000 78.000385
2.970000 78.000385
2.973000 78.000386
2.976000 78.000387
2.979000 78.000388
2.982000 78.000388
2.985000 78.000389
2.988000 78.000390
2.991000 78.000391
2.994000 78.000392
2.997000 78.000392
3.000000 78.000393
